PM Report

Report Name: pfe     Start Time: 24-Aug-2019 00:15:00     End Time: 25-Aug-2019 00:00:00

PM Report

suspect,Date/Time,PM Source,Type,Current (mA) Minimum,Current (mA) Maximum,Current (mA) Average,Voltage (V) Minimum,Voltage (V) Maximum,Voltage (V) Average,PFE Return Current (mA) Minimum,PFE Return Current (mA) Maximum,PFE Return Current (mA) Average,PFE Station Ground Current (mA) Minimum,PFE Station Ground Current (mA) Maximum,PFE Station Ground Current (mA) Average,PFE Ocean Ground Voltage (V) Minimum,PFE Ocean Ground Voltage (V) Maximum,PFE Ocean Ground Voltage (V) Average,PFE Ocean Ground RES1 (mA) Minimum,PFE Ocean Ground RES1 (mA) Maximum,PFE Ocean Ground RES1 (mA) Average,PFE Ocean Ground RES2 (mA) Minimum,PFE Ocean Ground RES2 (mA) Maximum,PFE Ocean Ground RES2 (mA) Average,Converter Temperature (C) Minimum,Converter Temperature (C) Maximum,Converter Temperature (C) Average
,24-Aug-2019 00:15:00,B1.ASGO.PFE 1,G3,999.0,1001.0,999.0,483,485,483,996.0,1002.0,999.0,NO DATA,NO DATA,1.0,NO DATA,NO DATA,12,NO DATA,NO DATA,NO DATA,NO DATA,NO DATA,NO DATA,NO DATA,NO DATA,NO DATA
,24-Aug-2019 00:15:00,B1.ASGO.PFE 1.Converter1,G3,999.0,1000.0,999.0,270,271,270,NO DATA,NO DATA,NO DATA,NO DATA,NO DATA,NO DATA,NO DATA,NO DATA,NO DATA,NO DATA,NO DATA,NO DATA,NO DATA,NO DATA,NO DATA,27,28,27
,24-Aug-2019 00:15:00,B1.ASGO.PFE 1.Converter2,G3,999.0,1001.0,1000.0,265,267,265,NO DATA,NO DATA,NO DATA,NO DATA,NO DATA,NO DATA,NO DATA,NO DATA,NO DATA,NO DATA,NO DATA,NO DATA,NO DATA,NO DATA,NO DATA,35,38,36
,24-Aug-2019 00:15:00,T2.NZMA.PFE 1,G4,1000.0,1001.0,1000.0,5114,5115,5114,1000.0,1001.0,1000.0,0.0,1.0,0.0,12,13,12,990.0,992.0,991.0,0.0,0.0,0.0,NO DATA,NO DATA,NO DATA
,24-Aug-2019 00:15:00,T2.NZMA.PFE 1.Converter1,G4,999.0,1000.0,999.0,1041,1045,1041,NO DATA,NO DATA,NO DATA,NO DATA,NO DATA,NO DATA,NO DATA,NO DATA,NO DATA,NO DATA,NO DATA,NO DATA,NO DATA,NO DATA,NO DATA,42,45,43
,24-Aug-2019 00:15:00,T2.NZMA.PFE 1.Converter2,G4,999.0,1000.0,999.0,1052,1053,1052,NO DATA,NO DATA,NO DATA,NO DATA,NO DATA,NO DATA,NO DATA,NO DATA,NO DATA,NO DATA,NO DATA,NO DATA,NO DATA,NO DATA,NO DATA,42,44,43
,24-Aug-2019 00:15:00,T2.NZMA.PFE 1.Converter3,G4,1000.0,1001.0,1000.0,1023,1027,1025,NO DATA,NO DATA,NO DATA,NO DATA,NO DATA,NO DATA,NO DATA,NO DATA,NO DATA,NO DATA,NO DATA,NO DATA,NO DATA,NO DATA,NO DATA,42,45,43
,24-Aug-2019 00:15:00,T2.NZMA.PFE 1.Converter4,G4,1000.0,1001.0,1000.0,999,1000,999,NO DATA,NO DATA,NO DATA,NO DATA,NO DATA,NO DATA,NO DATA,NO DATA,NO DATA,NO DATA,NO DATA,NO DATA,NO DATA,NO DATA,NO DATA,42,45,43
,24-Aug-2019 00:15:00,T2.NZMA.PFE 1.Converter5,G4,999.0,1000.0,999.0,1070,1071,1070,NO DATA,NO DATA,NO DATA,NO DATA,NO DATA,NO DATA,NO DATA,NO DATA,NO DATA,NO DATA,NO DATA,NO DATA,NO DATA,NO DATA,NO DATA,42,44,43
,24-Aug-2019 00:15:00,T3.AUSY.PFE 1,G3,999.0,1001.0,1000.0,2501,2502,2501,994.0,1004.0,998.0,NO DATA,NO DATA,1.0,NO DATA,NO DATA,13,NO DATA,NO DATA,NO DATA,NO DATA,NO DATA,NO DATA,NO DATA,NO DATA,NO DATA
,24-Aug-2019 00:15:00,T3.AUSY.PFE 1.Converter1,G3,999.0,1001.0,999.0,1259,1260,1259,NO DATA,NO DATA,NO DATA,NO DATA,NO DATA,NO DATA,NO DATA,NO DATA,NO DATA,NO DATA,NO DATA,NO DATA,NO DATA,NO DATA,NO DATA,39,42,40
,24-Aug-2019 00:15:00,T3.AUSY.PFE 1.Converter2,G3,999.0,1000.0,999.0,1293,1294,1293,NO DATA,NO DATA,NO DATA,NO DATA,NO DATA,NO DATA,NO DATA,NO DATA,NO DATA,NO DATA,NO DATA,NO DATA,NO DATA,NO DATA,NO DATA,37,38,37
,24-Aug-2019 00:15:00,T4.USPA.PFE 1,G4,998.0,1000.0,998.0,5264,5265,5264,998.0,1000.0,998.0,1.0,2.0,1.0,72,95,83,956.0,958.0,956.0,0.0,0.0,0.0,NO DATA,NO DATA,NO DATA
,24-Aug-2019 00:15:00,T4.USPA.PFE 1.Converter1,G4,998.0,999.0,998.0,1772,1774,1773,NO DATA,NO DATA,NO DATA,NO DATA,NO DATA,NO DATA,NO DATA,NO DATA,NO DATA,NO DATA,NO DATA,NO DATA,NO DATA,NO DATA,NO DATA,42,44,43
,24-Aug-2019 00:15:00,T4.USPA.PFE 1.Converter2,G4,997.0,999.0,998.0,1738,1741,1739,NO DATA,NO DATA,NO DATA,NO DATA,NO DATA,NO DATA,NO DATA,NO DATA,NO DATA,NO DATA,NO DATA,NO DATA,NO DATA,NO DATA,NO DATA,43,44,43
,24-Aug-2019 00:15:00,T4.USPA.PFE 1.Converter3,G4,997.0,998.0,997.0,1806,1808,1807,NO DATA,NO DATA,NO DATA,NO DATA,NO DATA,NO DATA,NO DATA,NO DATA,NO DATA,NO DATA,NO DATA,NO DATA,NO DATA,NO DATA,NO DATA,42,45,43
,24-Aug-2019 00:15:00,T5.HIKA.PFE 1,G4,1000.0,1000.0,1000.0,5086,5087,5086,1000.0,1000.0,1000.0,0.0,1.0,0.0,11,13,11,992.0,993.0,992.0,0.0,0.0,0.0,NO DATA,NO DATA,NO DATA
,24-Aug-2019 00:15:00,T5.HIKA.PFE 1.Converter1,G4,1000.0,1000.0,1000.0,1000,1002,1000,NO DATA,NO DATA,NO DATA,NO DATA,NO DATA,NO DATA,NO DATA,NO DATA,NO DATA,NO DATA,NO DATA,NO DATA,NO DATA,NO DATA,NO DATA,42,45,43
,24-Aug-2019 00:15:00,T5.HIKA.PFE 1.Converter2,G4,999.0,1000.0,999.0,1087,1090,1089,NO DATA,NO DATA,NO DATA,NO DATA,NO DATA,NO DATA,NO DATA,NO DATA,NO DATA,NO DATA,NO DATA,NO DATA,NO DATA,NO DATA,NO DATA,42,45,43
,24-Aug-2019 00:15:00,T5.HIKA.PFE 1.Converter3,G4,999.0,1000.0,999.0,1067,1068,1067,NO DATA,NO DATA,NO DATA,NO DATA,NO DATA,NO DATA,NO DATA,NO DATA,NO DATA,NO DATA,NO DATA,NO DATA,NO DATA,NO DATA,NO DATA,42,44,43
,24-Aug-2019 00:15:00,T5.HIKA.PFE 1.Converter4,G4,999.0,1000.0,999.0,1002,1006,1002,NO DATA,NO DATA,NO DATA,NO DATA,NO DATA,NO DATA,NO DATA,NO DATA,NO DATA,NO DATA,NO DATA,NO DATA,NO DATA,NO DATA,NO DATA,42,45,43
,24-Aug-2019 00:15:00,T5.HIKA.PFE 1.Converter5,G4,999.0,1000.0,999.0,1000,1002,1001,NO DATA,NO DATA,NO DATA,NO DATA,NO DATA,NO DATA,NO DATA,NO DATA,NO DATA,NO DATA,NO DATA,NO DATA,NO DATA,NO DATA,NO DATA,42,45,43
,24-Aug-2019 00:30:00,B1.ASGO.PFE 1,G3,999.0,1001.0,999.0,483,485,483,996.0,1003.0,999.0,NO DATA,NO DATA,1.0,NO DATA,NO DATA,12,NO DATA,NO DATA,NO DATA,NO DATA,NO DATA,NO DATA,NO DATA,NO DATA,NO DATA
,24-Aug-2019 00:30:00,B1.ASGO.PFE 1.Converter1,G3,999.0,1000.0,999.0,270,271,270,NO DATA,NO DATA,NO DATA,NO DATA,NO DATA,NO DATA,NO DATA,NO DATA,NO DATA,NO DATA,NO DATA,NO DATA,NO DATA,NO DATA,NO DATA,27,28,27
,24-Aug-2019 00:30:00,B1.ASGO.PFE 1.Converter2,G3,999.0,1001.0,1000.0,265,267,265,NO DATA,NO DATA,NO DATA,NO DATA,NO DATA,NO DATA,NO DATA,NO DATA,NO DATA,NO DATA,NO DATA,NO DATA,NO DATA,NO DATA,NO DATA,35,38,36
,24-Aug-2019 00:30:00,T2.NZMA.PFE 1,G4,1000.0,1001.0,1000.0,5114,5116,5115,1000.0,1001.0,1000.0,0.0,1.0,0.0,12,13,12,990.0,992.0,991.0,0.0,0.0,0.0,NO DATA,NO DATA,NO DATA
,24-Aug-2019 00:30:00,T2.NZMA.PFE 1.Converter1,G4,999.0,1000.0,999.0,1041,1045,1042,NO DATA,NO DATA,NO DATA,NO DATA,NO DATA,NO DATA,NO DATA,NO DATA,NO DATA,NO DATA,NO DATA,NO DATA,NO DATA,NO DATA,NO DATA,42,45,43
,24-Aug-2019 00:30:00,T2.NZMA.PFE 1.Converter2,G4,999.0,1000.0,999.0,1052,1053,1052,NO DATA,NO DATA,NO DATA,NO DATA,NO DATA,NO DATA,NO DATA,NO DATA,NO DATA,NO DATA,NO DATA,NO DATA,NO DATA,NO DATA,NO DATA,42,45,43
,24-Aug-2019 00:30:00,T2.NZMA.PFE 1.Converter3,G4,1000.0,1001.0,1000.0,1023,1027,1025,NO DATA,NO DATA,NO DATA,NO DATA,NO DATA,NO DATA,NO DATA,NO DATA,NO DATA,NO DATA,NO DATA,NO DATA,NO DATA,NO DATA,NO DATA,42,45,43
,24-Aug-2019 00:30:00,T2.NZMA.PFE 1.Converter4,G4,1000.0,1001.0,1000.0,999,1000,999,NO DATA,NO DATA,NO DATA,NO DATA,NO DATA,NO DATA,NO DATA,NO DATA,NO DATA,NO DATA,NO DATA,NO DATA,NO DATA,NO DATA,NO DATA,42,45,43
,24-Aug-2019 00:30:00,T2.NZMA.PFE 1.Converter5,G4,999.0,1000.0,999.0,1070,1072,1070,NO DATA,NO DATA,NO DATA,NO DATA,NO DATA,NO DATA,NO DATA,NO DATA,NO DATA,NO DATA,NO DATA,NO DATA,NO DATA,NO DATA,NO DATA,42,45,43
,24-Aug-2019 00:30:00,T3.AUSY.PFE 1,G3,999.0,1001.0,1000.0,2501,2503,2502,993.0,1004.0,998.0,NO DATA,NO DATA,1.0,NO DATA,NO DATA,13,NO DATA,NO DATA,NO DATA,NO DATA,NO DATA,NO DATA,NO DATA,NO DATA,NO DATA
,24-Aug-2019 00:30:00,T3.AUSY.PFE 1.Converter1,G3,999.0,1000.0,999.0,1259,1260,1259,NO DATA,NO DATA,NO DATA,NO DATA,NO DATA,NO DATA,NO DATA,NO DATA,NO DATA,NO DATA,NO DATA,NO DATA,NO DATA,NO DATA,NO DATA,39,42,40
,24-Aug-2019 00:30:00,T3.AUSY.PFE 1.Converter2,G3,999.0,1000.0,999.0,1293,1294,1293,NO DATA,NO DATA,NO DATA,NO DATA,NO DATA,NO DATA,NO DATA,NO DATA,NO DATA,NO DATA,NO DATA,NO DATA,NO DATA,NO DATA,NO DATA,37,38,37
,24-Aug-2019 00:30:00,T4.USPA.PFE 1,G4,998.0,1000.0,998.0,5263,5265,5264,998.0,1000.0,998.0,1.0,2.0,1.0,73,95,83,956.0,958.0,956.0,0.0,0.0,0.0,NO DATA,NO DATA,NO DATA
,24-Aug-2019 00:30:00,T4.USPA.PFE 1.Converter1,G4,998.0,999.0,998.0,1772,1774,1773,NO DATA,NO DATA,NO DATA,NO DATA,NO DATA,NO DATA,NO DATA,NO DATA,NO DATA,NO DATA,NO DATA,NO DATA,NO DATA,NO DATA,NO DATA,42,45,43
,24-Aug-2019 00:30:00,T4.USPA.PFE 1.Converter2,G4,997.0,999.0,998.0,1738,1741,1739,NO DATA,NO DATA,NO DATA,NO DATA,NO DATA,NO DATA,NO DATA,NO DATA,NO DATA,NO DATA,NO DATA,NO DATA,NO DATA,NO DATA,NO DATA,43,44,43
,24-Aug-2019 00:30:00,T4.USPA.PFE 1.Converter3,G4,997.0,998.0,997.0,1806,1808,1807,NO DATA,NO DATA,NO DATA,NO DATA,NO DATA,NO DATA,NO DATA,NO DATA,NO DATA,NO DATA,NO DATA,NO DATA,NO DATA,NO DATA,NO DATA,42,45,43
,24-Aug-2019 00:30:00,T5.HIKA.PFE 1,G4,1000.0,1000.0,1000.0,5086,5087,5086,1000.0,1000.0,1000.0,0.0,1.0,0.0,11,13,11,992.0,993.0,992.0,0.0,0.0,0.0,NO DATA,NO DATA,NO DATA
,24-Aug-2019 00:30:00,T5.HIKA.PFE 1.Converter1,G4,1000.0,1000.0,1000.0,999,1002,1000,NO DATA,NO DATA,NO DATA,NO DATA,NO DATA,NO DATA,NO DATA,NO DATA,NO DATA,NO DATA,NO DATA,NO DATA,NO DATA,NO DATA,NO DATA,42,44,43
,24-Aug-2019 00:30:00,T5.HIKA.PFE 1.Converter2,G4,999.0,1000.0,999.0,1087,1090,1089,NO DATA,NO DATA,NO DATA,NO DATA,NO DATA,NO DATA,NO DATA,NO DATA,NO DATA,NO DATA,NO DATA,NO DATA,NO DATA,NO DATA,NO DATA,42,44,43
,24-Aug-2019 00:30:00,T5.HIKA.PFE 1.Converter3,G4,999.0,1000.0,999.0,1067,1070,1067,NO DATA,NO DATA,NO DATA,NO DATA,NO DATA,NO DATA,NO DATA,NO DATA,NO DATA,NO DATA,NO DATA,NO DATA,NO DATA,NO DATA,NO DATA,42,45,43
,24-Aug-2019 00:30:00,T5.HIKA.PFE 1.Converter4,G4,999.0,1000.0,999.0,1002,1006,1002,NO DATA,NO DATA,NO DATA,NO DATA,NO DATA,NO DATA,NO DATA,NO DATA,NO DATA,NO DATA,NO DATA,NO DATA,NO DATA,NO DATA,NO DATA,42,45,43
,24-Aug-2019 00:30:00,T5.HIKA.PFE 1.Converter5,G4,999.0,1000.0,999.0,1001,1002,1001,NO DATA,NO DATA,NO DATA,NO DATA,NO DATA,NO DATA,NO DATA,NO DATA,NO DATA,NO DATA,NO DATA,NO DATA,NO DATA,NO DATA,NO DATA,42,45,43
,24-Aug-2019 00:45:00,B1.ASGO.PFE 1,G3,999.0,1001.0,999.0,483,485,483,996.0,1002.0,999.0,NO DATA,NO DATA,1.0,NO DATA,NO DATA,12,NO DATA,NO DATA,NO DATA,NO DATA,NO DATA,NO DATA,NO DATA,NO DATA,NO DATA
,24-Aug-2019 00:45:00,B1.ASGO.PFE 1.Converter1,G3,999.0,1000.0,999.0,270,271,270,NO DATA,NO DATA,NO DATA,NO DATA,NO DATA,NO DATA,NO DATA,NO DATA,NO DATA,NO DATA,NO DATA,NO DATA,NO DATA,NO DATA,NO DATA,27,29,27
,24-Aug-2019 00:45:00,B1.ASGO.PFE 1.Converter2,G3,999.0,1001.0,1000.0,265,266,265,NO DATA,NO DATA,NO DATA,NO DATA,NO DATA,NO DATA,NO DATA,NO DATA,NO DATA,NO DATA,NO DATA,NO DATA,NO DATA,NO DATA,NO DATA,36,39,37
,24-Aug-2019 00:45:00,T2.NZMA.PFE 1,G4,1000.0,1001.0,1000.0,5115,5116,5115,1000.0,1001.0,1000.0,0.0,1.0,0.0,12,12,12,990.0,992.0,991.0,0.0,0.0,0.0,NO DATA,NO DATA,NO DATA
,24-Aug-2019 00:45:00,T2.NZMA.PFE 1.Converter1,G4,999.0,1000.0,999.0,1041,1045,1042,NO DATA,NO DATA,NO DATA,NO DATA,NO DATA,NO DATA,NO DATA,NO DATA,NO DATA,NO DATA,NO DATA,NO DATA,NO DATA,NO DATA,NO DATA,42,44,43
,24-Aug-2019 00:45:00,T2.NZMA.PFE 1.Converter2,G4,999.0,1000.0,999.0,1052,1053,1052,NO DATA,NO DATA,NO DATA,NO DATA,NO DATA,NO DATA,NO DATA,NO DATA,NO DATA,NO DATA,NO DATA,NO DATA,NO DATA,NO DATA,NO DATA,42,44,43
,24-Aug-2019 00:45:00,T2.NZMA.PFE 1.Converter3,G4,1000.0,1001.0,1000.0,1024,1027,1026,NO DATA,NO DATA,NO DATA,NO DATA,NO DATA,NO DATA,NO DATA,NO DATA,NO DATA,NO DATA,NO DATA,NO DATA,NO DATA,NO DATA,NO DATA,42,44,43
,24-Aug-2019 00:45:00,T2.NZMA.PFE 1.Converter4,G4,1000.0,1001.0,1000.0,999,1000,999,NO DATA,NO DATA,NO DATA,NO DATA,NO DATA,NO DATA,NO DATA,NO DATA,NO DATA,NO DATA,NO DATA,NO DATA,NO DATA,NO DATA,NO DATA,42,45,43
,24-Aug-2019 00:45:00,T2.NZMA.PFE 1.Converter5,G4,999.0,1000.0,999.0,1070,1072,1070,NO DATA,NO DATA,NO DATA,NO DATA,NO DATA,NO DATA,NO DATA,NO DATA,NO DATA,NO DATA,NO DATA,NO DATA,NO DATA,NO DATA,NO DATA,42,44,43
,24-Aug-2019 00:45:00,T3.AUSY.PFE 1,G3,999.0,1001.0,1000.0,2502,2503,2502,993.0,1004.0,998.0,NO DATA,NO DATA,1.0,NO DATA,NO DATA,13,NO DATA,NO DATA,NO DATA,NO DATA,NO DATA,NO DATA,NO DATA,NO DATA,NO DATA
,24-Aug-2019 00:45:00,T3.AUSY.PFE 1.Converter1,G3,999.0,1000.0,999.0,1259,1261,1259,NO DATA,NO DATA,NO DATA,NO DATA,NO DATA,NO DATA,NO DATA,NO DATA,NO DATA,NO DATA,NO DATA,NO DATA,NO DATA,NO DATA,NO DATA,39,42,40
,24-Aug-2019 00:45:00,T3.AUSY.PFE 1.Converter2,G3,999.0,1000.0,999.0,1293,1294,1293,NO DATA,NO DATA,NO DATA,NO DATA,NO DATA,NO DATA,NO DATA,NO DATA,NO DATA,NO DATA,NO DATA,NO DATA,NO DATA,NO DATA,NO DATA,37,38,37
,24-Aug-2019 00:45:00,T4.USPA.PFE 1,G4,998.0,1000.0,998.0,5263,5265,5263,998.0,1000.0,998.0,1.0,2.0,1.0,72,95,83,956.0,958.0,956.0,0.0,0.0,0.0,NO DATA,NO DATA,NO DATA
,24-Aug-2019 00:45:00,T4.USPA.PFE 1.Converter1,G4,997.0,999.0,998.0,1772,1774,1773,NO DATA,NO DATA,NO DATA,NO DATA,NO DATA,NO DATA,NO DATA,NO DATA,NO DATA,NO DATA,NO DATA,NO DATA,NO DATA,NO DATA,NO DATA,42,44,43
,24-Aug-2019 00:45:00,T4.USPA.PFE 1.Converter2,G4,997.0,999.0,998.0,1738,1740,1738,NO DATA,NO DATA,NO DATA,NO DATA,NO DATA,NO DATA,NO DATA,NO DATA,NO DATA,NO DATA,NO DATA,NO DATA,NO DATA,NO DATA,NO DATA,43,44,43
,24-Aug-2019 00:45:00,T4.USPA.PFE 1.Converter3,G4,997.0,999.0,997.0,1806,1808,1807,NO DATA,NO DATA,NO DATA,NO DATA,NO DATA,NO DATA,NO DATA,NO DATA,NO DATA,NO DATA,NO DATA,NO DATA,NO DATA,NO DATA,NO DATA,42,44,43
,24-Aug-2019 00:45:00,T5.HIKA.PFE 1,G4,1000.0,1000.0,1000.0,5086,5088,5087,1000.0,1000.0,1000.0,0.0,1.0,0.0,11,13,11,992.0,993.0,992.0,0.0,0.0,0.0,NO DATA,NO DATA,NO DATA
,24-Aug-2019 00:45:00,T5.HIKA.PFE 1.Converter1,G4,1000.0,1000.0,1000.0,999,1002,1000,NO DATA,NO DATA,NO DATA,NO DATA,NO DATA,NO DATA,NO DATA,NO DATA,NO DATA,NO DATA,NO DATA,NO DATA,NO DATA,NO DATA,NO DATA,42,44,43
,24-Aug-2019 00:45:00,T5.HIKA.PFE 1.Converter2,G4,999.0,1000.0,999.0,1087,1091,1089,NO DATA,NO DATA,NO DATA,NO DATA,NO DATA,NO DATA,NO DATA,NO DATA,NO DATA,NO DATA,NO DATA,NO DATA,NO DATA,NO DATA,NO DATA,42,45,43
,24-Aug-2019 00:45:00,T5.HIKA.PFE 1.Converter3,G4,999.0,1000.0,999.0,1067,1070,1067,NO DATA,NO DATA,NO DATA,NO DATA,NO DATA,NO DATA,NO DATA,NO DATA,NO DATA,NO DATA,NO DATA,NO DATA,NO DATA,NO DATA,NO DATA,42,44,43
,24-Aug-2019 00:45:00,T5.HIKA.PFE 1.Converter4,G4,999.0,1000.0,999.0,1002,1006,1003,NO DATA,NO DATA,NO DATA,NO DATA,NO DATA,NO DATA,NO DATA,NO DATA,NO DATA,NO DATA,NO DATA,NO DATA,NO DATA,NO DATA,NO DATA,42,44,43
,24-Aug-2019 00:45:00,T5.HIKA.PFE 1.Converter5,G4,999.0,1000.0,999.0,1001,1002,1001,NO DATA,NO DATA,NO DATA,NO DATA,NO DATA,NO DATA,NO DATA,NO DATA,NO DATA,NO DATA,NO DATA,NO DATA,NO DATA,NO DATA,NO DATA,42,45,43
,24-Aug-2019 01:00:00,B1.ASGO.PFE 1,G3,999.0,1001.0,999.0,483,485,483,996.0,1003.0,999.0,NO DATA,NO DATA,1.0,NO DATA,NO DATA,12,NO DATA,NO DATA,NO DATA,NO DATA,NO DATA,NO DATA,NO DATA,NO DATA,NO DATA
,24-Aug-2019 01:00:00,B1.ASGO.PFE 1.Converter1,G3,999.0,1000.0,999.0,270,271,270,NO DATA,NO DATA,NO DATA,NO DATA,NO DATA,NO DATA,NO DATA,NO DATA,NO DATA,NO DATA,NO DATA,NO DATA,NO DATA,NO DATA,NO DATA,28,30,29
,24-Aug-2019 01:00:00,B1.ASGO.PFE 1.Converter2,G3,999.0,1001.0,1000.0,265,266,265,NO DATA,NO DATA,NO DATA,NO DATA,NO DATA,NO DATA,NO DATA,NO DATA,NO DATA,NO DATA,NO DATA,NO DATA,NO DATA,NO DATA,NO DATA,37,39,37
,24-Aug-2019 01:00:00,T2.NZMA.PFE 1,G4,1000.0,1001.0,1000.0,5116,5118,5117,1000.0,1001.0,1000.0,0.0,1.0,0.0,12,13,12,990.0,992.0,991.0,0.0,0.0,0.0,NO DATA,NO DATA,NO DATA
,24-Aug-2019 01:00:00,T2.NZMA.PFE 1.Converter1,G4,999.0,1000.0,999.0,1041,1045,1043,NO DATA,NO DATA,NO DATA,NO DATA,NO DATA,NO DATA,NO DATA,NO DATA,NO DATA,NO DATA,NO DATA,NO DATA,NO DATA,NO DATA,NO DATA,42,45,43
,24-Aug-2019 01:00:00,T2.NZMA.PFE 1.Converter2,G4,999.0,1000.0,999.0,1052,1053,1052,NO DATA,NO DATA,NO DATA,NO DATA,NO DATA,NO DATA,NO DATA,NO DATA,NO DATA,NO DATA,NO DATA,NO DATA,NO DATA,NO DATA,NO DATA,42,45,43
,24-Aug-2019 01:00:00,T2.NZMA.PFE 1.Converter3,G4,1000.0,1001.0,1000.0,1024,1028,1026,NO DATA,NO DATA,NO DATA,NO DATA,NO DATA,NO DATA,NO DATA,NO DATA,NO DATA,NO DATA,NO DATA,NO DATA,NO DATA,NO DATA,NO DATA,42,44,43
,24-Aug-2019 01:00:00,T2.NZMA.PFE 1.Converter4,G4,1000.0,1001.0,1000.0,999,1002,999,NO DATA,NO DATA,NO DATA,NO DATA,NO DATA,NO DATA,NO DATA,NO DATA,NO DATA,NO DATA,NO DATA,NO DATA,NO DATA,NO DATA,NO DATA,42,45,43
,24-Aug-2019 01:00:00,T2.NZMA.PFE 1.Converter5,G4,999.0,1000.0,999.0,1070,1072,1070,NO DATA,NO DATA,NO DATA,NO DATA,NO DATA,NO DATA,NO DATA,NO DATA,NO DATA,NO DATA,NO DATA,NO DATA,NO DATA,NO DATA,NO DATA,42,45,43
,24-Aug-2019 01:00:00,T3.AUSY.PFE 1,G3,999.0,1001.0,999.0,2502,2504,2503,994.0,1004.0,998.0,NO DATA,NO DATA,1.0,NO DATA,NO DATA,13,NO DATA,NO DATA,NO DATA,NO DATA,NO DATA,NO DATA,NO DATA,NO DATA,NO DATA
,24-Aug-2019 01:00:00,T3.AUSY.PFE 1.Converter1,G3,999.0,1001.0,999.0,1259,1261,1260,NO DATA,NO DATA,NO DATA,NO DATA,NO DATA,NO DATA,NO DATA,NO DATA,NO DATA,NO DATA,NO DATA,NO DATA,NO DATA,NO DATA,NO DATA,40,42,40
,24-Aug-2019 01:00:00,T3.AUSY.PFE 1.Converter2,G3,999.0,1000.0,999.0,1293,1295,1293,NO DATA,NO DATA,NO DATA,NO DATA,NO DATA,NO DATA,NO DATA,NO DATA,NO DATA,NO DATA,NO DATA,NO DATA,NO DATA,NO DATA,NO DATA,37,38,37
,24-Aug-2019 01:00:00,T4.USPA.PFE 1,G4,998.0,1000.0,998.0,5263,5264,5263,998.0,1000.0,998.0,1.0,2.0,1.0,72,95,83,956.0,958.0,957.0,0.0,0.0,0.0,NO DATA,NO DATA,NO DATA
,24-Aug-2019 01:00:00,T4.USPA.PFE 1.Converter1,G4,998.0,999.0,998.0,1772,1774,1773,NO DATA,NO DATA,NO DATA,NO DATA,NO DATA,NO DATA,NO DATA,NO DATA,NO DATA,NO DATA,NO DATA,NO DATA,NO DATA,NO DATA,NO DATA,42,45,43
,24-Aug-2019 01:00:00,T4.USPA.PFE 1.Converter2,G4,997.0,999.0,998.0,1737,1740,1738,NO DATA,NO DATA,NO DATA,NO DATA,NO DATA,NO DATA,NO DATA,NO DATA,NO DATA,NO DATA,NO DATA,NO DATA,NO DATA,NO DATA,NO DATA,42,44,42
,24-Aug-2019 01:00:00,T4.USPA.PFE 1.Converter3,G4,997.0,998.0,997.0,1806,1808,1806,NO DATA,NO DATA,NO DATA,NO DATA,NO DATA,NO DATA,NO DATA,NO DATA,NO DATA,NO DATA,NO DATA,NO DATA,NO DATA,NO DATA,NO DATA,42,45,43
,24-Aug-2019 01:00:00,T5.HIKA.PFE 1,G4,1000.0,1000.0,1000.0,5087,5088,5087,1000.0,1000.0,1000.0,0.0,1.0,0.0,11,13,11,992.0,993.0,992.0,0.0,0.0,0.0,NO DATA,NO DATA,NO DATA
,24-Aug-2019 01:00:00,T5.HIKA.PFE 1.Converter1,G4,1000.0,1000.0,1000.0,1000,1002,1000,NO DATA,NO DATA,NO DATA,NO DATA,NO DATA,NO DATA,NO DATA,NO DATA,NO DATA,NO DATA,NO DATA,NO DATA,NO DATA,NO DATA,NO DATA,42,44,43
,24-Aug-2019 01:00:00,T5.HIKA.PFE 1.Converter2,G4,999.0,1000.0,999.0,1088,1091,1089,NO DATA,NO DATA,NO DATA,NO DATA,NO DATA,NO DATA,NO DATA,NO DATA,NO DATA,NO DATA,NO DATA,NO DATA,NO DATA,NO DATA,NO DATA,42,45,43
,24-Aug-2019 01:00:00,T5.HIKA.PFE 1.Converter3,G4,999.0,1000.0,999.0,1067,1071,1067,NO DATA,NO DATA,NO DATA,NO DATA,NO DATA,NO DATA,NO DATA,NO DATA,NO DATA,NO DATA,NO DATA,NO DATA,NO DATA,NO DATA,NO DATA,42,45,43
,24-Aug-2019 01:00:00,T5.HIKA.PFE 1.Converter4,G4,999.0,1000.0,999.0,1002,1005,1002,NO DATA,NO DATA,NO DATA,NO DATA,NO DATA,NO DATA,NO DATA,NO DATA,NO DATA,NO DATA,NO DATA,NO DATA,NO DATA,NO DATA,NO DATA,42,45,43
,24-Aug-2019 01:00:00,T5.HIKA.PFE 1.Converter5,G4,999.0,1000.0,999.0,1001,1002,1001,NO DATA,NO DATA,NO DATA,NO DATA,NO DATA,NO DATA,NO DATA,NO DATA,NO DATA,NO DATA,NO DATA,NO DATA,NO DATA,NO DATA,NO DATA,42,45,43
,24-Aug-2019 01:15:00,B1.ASGO.PFE 1,G3,999.0,1001.0,999.0,483,485,483,996.0,1002.0,999.0,NO DATA,NO DATA,1.0,NO DATA,NO DATA,12,NO DATA,NO DATA,NO DATA,NO DATA,NO DATA,NO DATA,NO DATA,NO DATA,NO DATA
,24-Aug-2019 01:15:00,B1.ASGO.PFE 1.Converter1,G3,999.0,1001.0,999.0,270,271,270,NO DATA,NO DATA,NO DATA,NO DATA,NO DATA,NO DATA,NO DATA,NO DATA,NO DATA,NO DATA,NO DATA,NO DATA,NO DATA,NO DATA,NO DATA,29,30,29
,24-Aug-2019 01:15:00,B1.ASGO.PFE 1.Converter2,G3,999.0,1001.0,1000.0,265,266,265,NO DATA,NO DATA,NO DATA,NO DATA,NO DATA,NO DATA,NO DATA,NO DATA,NO DATA,NO DATA,NO DATA,NO DATA,NO DATA,NO DATA,NO DATA,37,39,38
,24-Aug-2019 01:15:00,T2.NZMA.PFE 1,G4,1000.0,1001.0,1000.0,5118,5120,5118,1000.0,1001.0,1000.0,0.0,1.0,0.0,12,13,12,990.0,992.0,991.0,0.0,0.0,0.0,NO DATA,NO DATA,NO DATA
,24-Aug-2019 01:15:00,T2.NZMA.PFE 1.Converter1,G4,999.0,1000.0,999.0,1041,1045,1043,NO DATA,NO DATA,NO DATA,NO DATA,NO DATA,NO DATA,NO DATA,NO DATA,NO DATA,NO DATA,NO DATA,NO DATA,NO DATA,NO DATA,NO DATA,42,45,43
,24-Aug-2019 01:15:00,T2.NZMA.PFE 1.Converter2,G4,999.0,1000.0,999.0,1052,1053,1052,NO DATA,NO DATA,NO DATA,NO DATA,NO DATA,NO DATA,NO DATA,NO DATA,NO DATA,NO DATA,NO DATA,NO DATA,NO DATA,NO DATA,NO DATA,42,44,43
,24-Aug-2019 01:15:00,T2.NZMA.PFE 1.Converter3,G4,1000.0,1001.0,1000.0,1026,1028,1027,NO DATA,NO DATA,NO DATA,NO DATA,NO DATA,NO DATA,NO DATA,NO DATA,NO DATA,NO DATA,NO DATA,NO DATA,NO DATA,NO DATA,NO DATA,42,44,43
,24-Aug-2019 01:15:00,T2.NZMA.PFE 1.Converter4,G4,1000.0,1001.0,1000.0,999,1002,999,NO DATA,NO DATA,NO DATA,NO DATA,NO DATA,NO DATA,NO DATA,NO DATA,NO DATA,NO DATA,NO DATA,NO DATA,NO DATA,NO DATA,NO DATA,42,45,43
,24-Aug-2019 01:15:00,T2.NZMA.PFE 1.Converter5,G4,999.0,1000.0,999.0,1070,1073,1071,NO DATA,NO DATA,NO DATA,NO DATA,NO DATA,NO DATA,NO DATA,NO DATA,NO DATA,NO DATA,NO DATA,NO DATA,NO DATA,NO DATA,NO DATA,42,45,43
,24-Aug-2019 01:15:00,T3.AUSY.PFE 1,G3,999.0,1001.0,999.0,2503,2505,2503,994.0,1005.0,999.0,NO DATA,NO DATA,1.0,NO DATA,NO DATA,13,NO DATA,NO DATA,NO DATA,NO DATA,NO DATA,NO DATA,NO DATA,NO DATA,NO DATA
,24-Aug-2019 01:15:00,T3.AUSY.PFE 1.Converter1,G3,999.0,1001.0,999.0,1259,1261,1260,NO DATA,NO DATA,NO DATA,NO DATA,NO DATA,NO DATA,NO DATA,NO DATA,NO DATA,NO DATA,NO DATA,NO DATA,NO DATA,NO DATA,NO DATA,39,42,40
,24-Aug-2019 01:15:00,T3.AUSY.PFE 1.Converter2,G3,998.0,1000.0,999.0,1294,1295,1294,NO DATA,NO DATA,NO DATA,NO DATA,NO DATA,NO DATA,NO DATA,NO DATA,NO DATA,NO DATA,NO DATA,NO DATA,NO DATA,NO DATA,NO DATA,37,38,37
,24-Aug-2019 01:15:00,T4.USPA.PFE 1,G4,998.0,1000.0,998.0,5262,5264,5263,998.0,1000.0,998.0,1.0,2.0,1.0,73,95,83,956.0,958.0,956.0,0.0,0.0,0.0,NO DATA,NO DATA,NO DATA
,24-Aug-2019 01:15:00,T4.USPA.PFE 1.Converter1,G4,997.0,999.0,998.0,1772,1774,1772,NO DATA,NO DATA,NO DATA,NO DATA,NO DATA,NO DATA,NO DATA,NO DATA,NO DATA,NO DATA,NO DATA,NO DATA,NO DATA,NO DATA,NO DATA,42,44,43
,24-Aug-2019 01:15:00,T4.USPA.PFE 1.Converter2,G4,997.0,999.0,998.0,1738,1740,1738,NO DATA,NO DATA,NO DATA,NO DATA,NO DATA,NO DATA,NO DATA,NO DATA,NO DATA,NO DATA,NO DATA,NO DATA,NO DATA,NO DATA,NO DATA,42,44,42
,24-Aug-2019 01:15:00,T4.USPA.PFE 1.Converter3,G4,997.0,998.0,997.0,1805,1808,1806,NO DATA,NO DATA,NO DATA,NO DATA,NO DATA,NO DATA,NO DATA,NO DATA,NO DATA,NO DATA,NO DATA,NO DATA,NO DATA,NO DATA,NO DATA,42,45,43
,24-Aug-2019 01:15:00,T5.HIKA.PFE 1,G4,999.0,1000.0,999.0,5087,5088,5087,1000.0,1000.0,1000.0,0.0,1.0,0.0,11,13,11,992.0,993.0,992.0,0.0,0.0,0.0,NO DATA,NO DATA,NO DATA
,24-Aug-2019 01:15:00,T5.HIKA.PFE 1.Converter1,G4,1000.0,1000.0,1000.0,1000,1002,1000,NO DATA,NO DATA,NO DATA,NO DATA,NO DATA,NO DATA,NO DATA,NO DATA,NO DATA,NO DATA,NO DATA,NO DATA,NO DATA,NO DATA,NO DATA,42,44,43
,24-Aug-2019 01:15:00,T5.HIKA.PFE 1.Converter2,G4,999.0,1000.0,999.0,1089,1091,1089,NO DATA,NO DATA,NO DATA,NO DATA,NO DATA,NO DATA,NO DATA,NO DATA,NO DATA,NO DATA,NO DATA,NO DATA,NO DATA,NO DATA,NO DATA,42,45,43
,24-Aug-2019 01:15:00,T5.HIKA.PFE 1.Converter3,G4,999.0,1000.0,999.0,1067,1069,1067,NO DATA,NO DATA,NO DATA,NO DATA,NO DATA,NO DATA,NO DATA,NO DATA,NO DATA,NO DATA,NO DATA,NO DATA,NO DATA,NO DATA,NO DATA,42,44,43
,24-Aug-2019 01:15:00,T5.HIKA.PFE 1.Converter4,G4,999.0,1000.0,999.0,1002,1005,1002,NO DATA,NO DATA,NO DATA,NO DATA,NO DATA,NO DATA,NO DATA,NO DATA,NO DATA,NO DATA,NO DATA,NO DATA,NO DATA,NO DATA,NO DATA,42,45,43
,24-Aug-2019 01:15:00,T5.HIKA.PFE 1.Converter5,G4,999.0,1000.0,999.0,1001,1002,1001,NO DATA,NO DATA,NO DATA,NO DATA,NO DATA,NO DATA,NO DATA,NO DATA,NO DATA,NO DATA,NO DATA,NO DATA,NO DATA,NO DATA,NO DATA,42,45,43
,24-Aug-2019 01:30:00,B1.ASGO.PFE 1,G3,999.0,1001.0,999.0,483,485,483,996.0,1003.0,999.0,NO DATA,NO DATA,1.0,NO DATA,NO DATA,12,NO DATA,NO DATA,NO DATA,NO DATA,NO DATA,NO DATA,NO DATA,NO DATA,NO DATA
,24-Aug-2019 01:30:00,B1.ASGO.PFE 1.Converter1,G3,999.0,1000.0,999.0,270,271,270,NO DATA,NO DATA,NO DATA,NO DATA,NO DATA,NO DATA,NO DATA,NO DATA,NO DATA,NO DATA,NO DATA,NO DATA,NO DATA,NO DATA,NO DATA,29,30,29
,24-Aug-2019 01:30:00,B1.ASGO.PFE 1.Converter2,G3,999.0,1001.0,1000.0,265,267,265,NO DATA,NO DATA,NO DATA,NO DATA,NO DATA,NO DATA,NO DATA,NO DATA,NO DATA,NO DATA,NO DATA,NO DATA,NO DATA,NO DATA,NO DATA,37,40,38
,24-Aug-2019 01:30:00,T2.NZMA.PFE 1,G4,1000.0,1001.0,1000.0,5119,5120,5119,1000.0,1001.0,1000.0,0.0,1.0,0.0,12,13,12,990.0,992.0,991.0,0.0,0.0,0.0,NO DATA,NO DATA,NO DATA
,24-Aug-2019 01:30:00,T2.NZMA.PFE 1.Converter1,G4,999.0,1000.0,999.0,1041,1045,1044,NO DATA,NO DATA,NO DATA,NO DATA,NO DATA,NO DATA,NO DATA,NO DATA,NO DATA,NO DATA,NO DATA,NO DATA,NO DATA,NO DATA,NO DATA,42,45,43
,24-Aug-2019 01:30:00,T2.NZMA.PFE 1.Converter2,G4,999.0,1000.0,999.0,1052,1053,1052,NO DATA,NO DATA,NO DATA,NO DATA,NO DATA,NO DATA,NO DATA,NO DATA,NO DATA,NO DATA,NO DATA,NO DATA,NO DATA,NO DATA,NO DATA,42,45,43
,24-Aug-2019 01:30:00,T2.NZMA.PFE 1.Converter3,G4,1000.0,1000.0,1000.0,1026,1028,1027,NO DATA,NO DATA,NO DATA,NO DATA,NO DATA,NO DATA,NO DATA,NO DATA,NO DATA,NO DATA,NO DATA,NO DATA,NO DATA,NO DATA,NO DATA,42,45,43
,24-Aug-2019 01:30:00,T2.NZMA.PFE 1.Converter4,G4,1000.0,1001.0,1000.0,999,1002,999,NO DATA,NO DATA,NO DATA,NO DATA,NO DATA,NO DATA,NO DATA,NO DATA,NO DATA,NO DATA,NO DATA,NO DATA,NO DATA,NO DATA,NO DATA,42,44,43
,24-Aug-2019 01:30:00,T2.NZMA.PFE 1.Converter5,G4,999.0,1000.0,999.0,1070,1073,1071,NO DATA,NO DATA,NO DATA,NO DATA,NO DATA,NO DATA,NO DATA,NO DATA,NO DATA,NO DATA,NO DATA,NO DATA,NO DATA,NO DATA,NO DATA,42,44,43
,24-Aug-2019 01:30:00,T3.AUSY.PFE 1,G3,999.0,1001.0,999.0,2503,2505,2504,994.0,1005.0,998.0,NO DATA,NO DATA,1.0,NO DATA,NO DATA,13,NO DATA,NO DATA,NO DATA,NO DATA,NO DATA,NO DATA,NO DATA,NO DATA,NO DATA
,24-Aug-2019 01:30:00,T3.AUSY.PFE 1.Converter1,G3,999.0,1001.0,999.0,1260,1261,1260,NO DATA,NO DATA,NO DATA,NO DATA,NO DATA,NO DATA,NO DATA,NO DATA,NO DATA,NO DATA,NO DATA,NO DATA,NO DATA,NO DATA,NO DATA,39,42,40
,24-Aug-2019 01:30:00,T3.AUSY.PFE 1.Converter2,G3,999.0,1000.0,999.0,1294,1296,1294,NO DATA,NO DATA,NO DATA,NO DATA,NO DATA,NO DATA,NO DATA,NO DATA,NO DATA,NO DATA,NO DATA,NO DATA,NO DATA,NO DATA,NO DATA,37,38,37
,24-Aug-2019 01:30:00,T4.USPA.PFE 1,G4,998.0,1000.0,998.0,5263,5264,5263,998.0,1000.0,998.0,1.0,2.0,1.0,72,95,83,956.0,957.0,956.0,0.0,0.0,0.0,NO DATA,NO DATA,NO DATA
,24-Aug-2019 01:30:00,T4.USPA.PFE 1.Converter1,G4,997.0,999.0,998.0,1771,1774,1772,NO DATA,NO DATA,NO DATA,NO DATA,NO DATA,NO DATA,NO DATA,NO DATA,NO DATA,NO DATA,NO DATA,NO DATA,NO DATA,NO DATA,NO DATA,42,45,43
,24-Aug-2019 01:30:00,T4.USPA.PFE 1.Converter2,G4,997.0,999.0,998.0,1738,1741,1738,NO DATA,NO DATA,NO DATA,NO DATA,NO DATA,NO DATA,NO DATA,NO DATA,NO DATA,NO DATA,NO DATA,NO DATA,NO DATA,NO DATA,NO DATA,42,44,42
,24-Aug-2019 01:30:00,T4.USPA.PFE 1.Converter3,G4,997.0,999.0,997.0,1805,1808,1806,NO DATA,NO DATA,NO DATA,NO DATA,NO DATA,NO DATA,NO DATA,NO DATA,NO DATA,NO DATA,NO DATA,NO DATA,NO DATA,NO DATA,NO DATA,42,45,43
,24-Aug-2019 01:30:00,T5.HIKA.PFE 1,G4,1000.0,1000.0,1000.0,5087,5089,5088,1000.0,1000.0,1000.0,0.0,1.0,0.0,11,13,11,992.0,993.0,992.0,0.0,0.0,0.0,NO DATA,NO DATA,NO DATA
,24-Aug-2019 01:30:00,T5.HIKA.PFE 1.Converter1,G4,1000.0,1000.0,1000.0,1000,1002,1001,NO DATA,NO DATA,NO DATA,NO DATA,NO DATA,NO DATA,NO DATA,NO DATA,NO DATA,NO DATA,NO DATA,NO DATA,NO DATA,NO DATA,NO DATA,42,44,43
,24-Aug-2019 01:30:00,T5.HIKA.PFE 1.Converter2,G4,999.0,1000.0,999.0,1089,1091,1090,NO DATA,NO DATA,NO DATA,NO DATA,NO DATA,NO DATA,NO DATA,NO DATA,NO DATA,NO DATA,NO DATA,NO DATA,NO DATA,NO DATA,NO DATA,42,45,43
,24-Aug-2019 01:30:00,T5.HIKA.PFE 1.Converter3,G4,999.0,1000.0,999.0,1067,1071,1067,NO DATA,NO DATA,NO DATA,NO DATA,NO DATA,NO DATA,NO DATA,NO DATA,NO DATA,NO DATA,NO DATA,NO DATA,NO DATA,NO DATA,NO DATA,42,45,43
,24-Aug-2019 01:30:00,T5.HIKA.PFE 1.Converter4,G4,999.0,1000.0,999.0,1002,1006,1003,NO DATA,NO DATA,NO DATA,NO DATA,NO DATA,NO DATA,NO DATA,NO DATA,NO DATA,NO DATA,NO DATA,NO DATA,NO DATA,NO DATA,NO DATA,42,44,43
,24-Aug-2019 01:30:00,T5.HIKA.PFE 1.Converter5,G4,999.0,1000.0,999.0,1001,1002,1001,NO DATA,NO DATA,NO DATA,NO DATA,NO DATA,NO DATA,NO DATA,NO DATA,NO DATA,NO DATA,NO DATA,NO DATA,NO DATA,NO DATA,NO DATA,42,45,43
,24-Aug-2019 01:45:00,B1.ASGO.PFE 1,G3,999.0,1001.0,999.0,483,485,484,996.0,1002.0,999.0,NO DATA,NO DATA,1.0,NO DATA,NO DATA,12,NO DATA,NO DATA,NO DATA,NO DATA,NO DATA,NO DATA,NO DATA,NO DATA,NO DATA
,24-Aug-2019 01:45:00,B1.ASGO.PFE 1.Converter1,G3,999.0,1000.0,999.0,270,271,270,NO DATA,NO DATA,NO DATA,NO DATA,NO DATA,NO DATA,NO DATA,NO DATA,NO DATA,NO DATA,NO DATA,NO DATA,NO DATA,NO DATA,NO DATA,28,29,28
,24-Aug-2019 01:45:00,B1.ASGO.PFE 1.Converter2,G3,999.0,1001.0,1000.0,265,267,265,NO DATA,NO DATA,NO DATA,NO DATA,NO DATA,NO DATA,NO DATA,NO DATA,NO DATA,NO DATA,NO DATA,NO DATA,NO DATA,NO DATA,NO DATA,36,39,37
,24-Aug-2019 01:45:00,T2.NZMA.PFE 1,G4,1000.0,1001.0,1000.0,5119,5120,5119,1000.0,1001.0,1000.0,0.0,1.0,0.0,12,12,12,990.0,992.0,991.0,0.0,0.0,0.0,NO DATA,NO DATA,NO DATA
,24-Aug-2019 01:45:00,T2.NZMA.PFE 1.Converter1,G4,999.0,1000.0,999.0,1041,1045,1044,NO DATA,NO DATA,NO DATA,NO DATA,NO DATA,NO DATA,NO DATA,NO DATA,NO DATA,NO DATA,NO DATA,NO DATA,NO DATA,NO DATA,NO DATA,42,44,43
,24-Aug-2019 01:45:00,T2.NZMA.PFE 1.Converter2,G4,999.0,1000.0,999.0,1052,1054,1053,NO DATA,NO DATA,NO DATA,NO DATA,NO DATA,NO DATA,NO DATA,NO DATA,NO DATA,NO DATA,NO DATA,NO DATA,NO DATA,NO DATA,NO DATA,42,44,43
,24-Aug-2019 01:45:00,T2.NZMA.PFE 1.Converter3,G4,1000.0,1001.0,1000.0,1026,1028,1027,NO DATA,NO DATA,NO DATA,NO DATA,NO DATA,NO DATA,NO DATA,NO DATA,NO DATA,NO DATA,NO DATA,NO DATA,NO DATA,NO DATA,NO DATA,42,44,43
,24-Aug-2019 01:45:00,T2.NZMA.PFE 1.Converter4,G4,1000.0,1001.0,1000.0,999,1002,999,NO DATA,NO DATA,NO DATA,NO DATA,NO DATA,NO DATA,NO DATA,NO DATA,NO DATA,NO DATA,NO DATA,NO DATA,NO DATA,NO DATA,NO DATA,42,44,43
,24-Aug-2019 01:45:00,T2.NZMA.PFE 1.Converter5,G4,999.0,1000.0,999.0,1070,1074,1071,NO DATA,NO DATA,NO DATA,NO DATA,NO DATA,NO DATA,NO DATA,NO DATA,NO DATA,NO DATA,NO DATA,NO DATA,NO DATA,NO DATA,NO DATA,42,44,43
,24-Aug-2019 01:45:00,T3.AUSY.PFE 1,G3,999.0,1001.0,999.0,2504,2506,2504,994.0,1003.0,998.0,NO DATA,NO DATA,1.0,NO DATA,NO DATA,13,NO DATA,NO DATA,NO DATA,NO DATA,NO DATA,NO DATA,NO DATA,NO DATA,NO DATA
,24-Aug-2019 01:45:00,T3.AUSY.PFE 1.Converter1,G3,999.0,1000.0,999.0,1260,1261,1260,NO DATA,NO DATA,NO DATA,NO DATA,NO DATA,NO DATA,NO DATA,NO DATA,NO DATA,NO DATA,NO DATA,NO DATA,NO DATA,NO DATA,NO DATA,39,42,40
,24-Aug-2019 01:45:00,T3.AUSY.PFE 1.Converter2,G3,999.0,1000.0,999.0,1295,1296,1295,NO DATA,NO DATA,NO DATA,NO DATA,NO DATA,NO DATA,NO DATA,NO DATA,NO DATA,NO DATA,NO DATA,NO DATA,NO DATA,NO DATA,NO DATA,37,38,37
,24-Aug-2019 01:45:00,T4.USPA.PFE 1,G4,998.0,1000.0,998.0,5263,5264,5263,998.0,1000.0,998.0,1.0,2.0,1.0,72,95,83,956.0,958.0,956.0,0.0,0.0,0.0,NO DATA,NO DATA,NO DATA
,24-Aug-2019 01:45:00,T4.USPA.PFE 1.Converter1,G4,998.0,999.0,998.0,1772,1774,1772,NO DATA,NO DATA,NO DATA,NO DATA,NO DATA,NO DATA,NO DATA,NO DATA,NO DATA,NO DATA,NO DATA,NO DATA,NO DATA,NO DATA,NO DATA,42,44,43
,24-Aug-2019 01:45:00,T4.USPA.PFE 1.Converter2,G4,997.0,999.0,998.0,1738,1740,1738,NO DATA,NO DATA,NO DATA,NO DATA,NO DATA,NO DATA,NO DATA,NO DATA,NO DATA,NO DATA,NO DATA,NO DATA,NO DATA,NO DATA,NO DATA,42,43,42
,24-Aug-2019 01:45:00,T4.USPA.PFE 1.Converter3,G4,997.0,999.0,997.0,1806,1808,1806,NO DATA,NO DATA,NO DATA,NO DATA,NO DATA,NO DATA,NO DATA,NO DATA,NO DATA,NO DATA,NO DATA,NO DATA,NO DATA,NO DATA,NO DATA,42,45,43
,24-Aug-2019 01:45:00,T5.HIKA.PFE 1,G4,1000.0,1000.0,1000.0,5088,5090,5088,1000.0,1000.0,1000.0,0.0,1.0,0.0,11,13,11,992.0,993.0,992.0,0.0,0.0,0.0,NO DATA,NO DATA,NO DATA
,24-Aug-2019 01:45:00,T5.HIKA.PFE 1.Converter1,G4,1000.0,1000.0,1000.0,1000,1002,1001,NO DATA,NO DATA,NO DATA,NO DATA,NO DATA,NO DATA,NO DATA,NO DATA,NO DATA,NO DATA,NO DATA,NO DATA,NO DATA,NO DATA,NO DATA,42,44,43
,24-Aug-2019 01:45:00,T5.HIKA.PFE 1.Converter2,G4,999.0,1000.0,999.0,1089,1091,1090,NO DATA,NO DATA,NO DATA,NO DATA,NO DATA,NO DATA,NO DATA,NO DATA,NO DATA,NO DATA,NO DATA,NO DATA,NO DATA,NO DATA,NO DATA,42,44,43
,24-Aug-2019 01:45:00,T5.HIKA.PFE 1.Converter3,G4,999.0,1000.0,999.0,1067,1070,1067,NO DATA,NO DATA,NO DATA,NO DATA,NO DATA,NO DATA,NO DATA,NO DATA,NO DATA,NO DATA,NO DATA,NO DATA,NO DATA,NO DATA,NO DATA,42,45,43
,24-Aug-2019 01:45:00,T5.HIKA.PFE 1.Converter4,G4,999.0,1000.0,999.0,1002,1006,1004,NO DATA,NO DATA,NO DATA,NO DATA,NO DATA,NO DATA,NO DATA,NO DATA,NO DATA,NO DATA,NO DATA,NO DATA,NO DATA,NO DATA,NO DATA,42,44,43
,24-Aug-2019 01:45:00,T5.HIKA.PFE 1.Converter5,G4,999.0,1000.0,999.0,1001,1002,1001,NO DATA,NO DATA,NO DATA,NO DATA,NO DATA,NO DATA,NO DATA,NO DATA,NO DATA,NO DATA,NO DATA,NO DATA,NO DATA,NO DATA,NO DATA,42,45,43
,24-Aug-2019 02:00:00,B1.ASGO.PFE 1,G3,999.0,1001.0,999.0,483,485,484,996.0,1002.0,999.0,NO DATA,NO DATA,1.0,NO DATA,NO DATA,12,NO DATA,NO DATA,NO DATA,NO DATA,NO DATA,NO DATA,NO DATA,NO DATA,NO DATA
,24-Aug-2019 02:00:00,B1.ASGO.PFE 1.Converter1,G3,999.0,1000.0,999.0,270,271,270,NO DATA,NO DATA,NO DATA,NO DATA,NO DATA,NO DATA,NO DATA,NO DATA,NO DATA,NO DATA,NO DATA,NO DATA,NO DATA,NO DATA,NO DATA,27,28,27
,24-Aug-2019 02:00:00,B1.ASGO.PFE 1.Converter2,G3,999.0,1001.0,1000.0,265,267,265,NO DATA,NO DATA,NO DATA,NO DATA,NO DATA,NO DATA,NO DATA,NO DATA,NO DATA,NO DATA,NO DATA,NO DATA,NO DATA,NO DATA,NO DATA,36,38,37
,24-Aug-2019 02:00:00,T2.NZMA.PFE 1,G4,1000.0,1001.0,1000.0,5120,5121,5120,1000.0,1001.0,1000.0,0.0,1.0,0.0,12,12,12,990.0,992.0,991.0,0.0,0.0,0.0,NO DATA,NO DATA,NO DATA
,24-Aug-2019 02:00:00,T2.NZMA.PFE 1.Converter1,G4,999.0,1000.0,999.0,1042,1045,1044,NO DATA,NO DATA,NO DATA,NO DATA,NO DATA,NO DATA,NO DATA,NO DATA,NO DATA,NO DATA,NO DATA,NO DATA,NO DATA,NO DATA,NO DATA,42,45,43
,24-Aug-2019 02:00:00,T2.NZMA.PFE 1.Converter2,G4,999.0,1000.0,999.0,1052,1055,1052,NO DATA,NO DATA,NO DATA,NO DATA,NO DATA,NO DATA,NO DATA,NO DATA,NO DATA,NO DATA,NO DATA,NO DATA,NO DATA,NO DATA,NO DATA,42,45,43
,24-Aug-2019 02:00:00,T2.NZMA.PFE 1.Converter3,G4,1000.0,1001.0,1000.0,1027,1028,1027,NO DATA,NO DATA,NO DATA,NO DATA,NO DATA,NO DATA,NO DATA,NO DATA,NO DATA,NO DATA,NO DATA,NO DATA,NO DATA,NO DATA,NO DATA,42,45,43
,24-Aug-2019 02:00:00,T2.NZMA.PFE 1.Converter4,G4,1000.0,1001.0,1000.0,999,1003,999,NO DATA,NO DATA,NO DATA,NO DATA,NO DATA,NO DATA,NO DATA,NO DATA,NO DATA,NO DATA,NO DATA,NO DATA,NO DATA,NO DATA,NO DATA,42,44,43
,24-Aug-2019 02:00:00,T2.NZMA.PFE 1.Converter5,G4,999.0,1000.0,999.0,1070,1074,1071,NO DATA,NO DATA,NO DATA,NO DATA,NO DATA,NO DATA,NO DATA,NO DATA,NO DATA,NO DATA,NO DATA,NO DATA,NO DATA,NO DATA,NO DATA,42,45,43
,24-Aug-2019 02:00:00,T3.AUSY.PFE 1,G3,999.0,1001.0,999.0,2504,2506,2504,994.0,1003.0,998.0,NO DATA,NO DATA,1.0,NO DATA,NO DATA,13,NO DATA,NO DATA,NO DATA,NO DATA,NO DATA,NO DATA,NO DATA,NO DATA,NO DATA
,24-Aug-2019 02:00:00,T3.AUSY.PFE 1.Converter1,G3,999.0,1000.0,999.0,1260,1261,1260,NO DATA,NO DATA,NO DATA,NO DATA,NO DATA,NO DATA,NO DATA,NO DATA,NO DATA,NO DATA,NO DATA,NO DATA,NO DATA,NO DATA,NO DATA,39,42,40
,24-Aug-2019 02:00:00,T3.AUSY.PFE 1.Converter2,G3,999.0,1000.0,999.0,1294,1296,1295,NO DATA,NO DATA,NO DATA,NO DATA,NO DATA,NO DATA,NO DATA,NO DATA,NO DATA,NO DATA,NO DATA,NO DATA,NO DATA,NO DATA,NO DATA,37,38,37
,24-Aug-2019 02:00:00,T4.USPA.PFE 1,G4,998.0,1000.0,998.0,5263,5264,5263,998.0,1000.0,998.0,1.0,2.0,1.0,72,95,84,956.0,958.0,956.0,0.0,0.0,0.0,NO DATA,NO DATA,NO DATA
,24-Aug-2019 02:00:00,T4.USPA.PFE 1.Converter1,G4,998.0,999.0,998.0,1772,1774,1772,NO DATA,NO DATA,NO DATA,NO DATA,NO DATA,NO DATA,NO DATA,NO DATA,NO DATA,NO DATA,NO DATA,NO DATA,NO DATA,NO DATA,NO DATA,42,45,43
,24-Aug-2019 02:00:00,T4.USPA.PFE 1.Converter2,G4,998.0,999.0,998.0,1737,1740,1738,NO DATA,NO DATA,NO DATA,NO DATA,NO DATA,NO DATA,NO DATA,NO DATA,NO DATA,NO DATA,NO DATA,NO DATA,NO DATA,NO DATA,NO DATA,42,44,42
,24-Aug-2019 02:00:00,T4.USPA.PFE 1.Converter3,G4,997.0,998.0,997.0,1805,1808,1807,NO DATA,NO DATA,NO DATA,NO DATA,NO DATA,NO DATA,NO DATA,NO DATA,NO DATA,NO DATA,NO DATA,NO DATA,NO DATA,NO DATA,NO DATA,42,45,43
,24-Aug-2019 02:00:00,T5.HIKA.PFE 1,G4,1000.0,1000.0,1000.0,5089,5091,5090,1000.0,1000.0,1000.0,0.0,1.0,0.0,11,13,11,992.0,993.0,992.0,0.0,0.0,0.0,NO DATA,NO DATA,NO DATA
,24-Aug-2019 02:00:00,T5.HIKA.PFE 1.Converter1,G4,1000.0,1001.0,1000.0,1000,1002,1001,NO DATA,NO DATA,NO DATA,NO DATA,NO DATA,NO DATA,NO DATA,NO DATA,NO DATA,NO DATA,NO DATA,NO DATA,NO DATA,NO DATA,NO DATA,42,44,43
,24-Aug-2019 02:00:00,T5.HIKA.PFE 1.Converter2,G4,999.0,1000.0,999.0,1089,1091,1089,NO DATA,NO DATA,NO DATA,NO DATA,NO DATA,NO DATA,NO DATA,NO DATA,NO DATA,NO DATA,NO DATA,NO DATA,NO DATA,NO DATA,NO DATA,42,45,43
,24-Aug-2019 02:00:00,T5.HIKA.PFE 1.Converter3,G4,999.0,1000.0,999.0,1067,1071,1068,NO DATA,NO DATA,NO DATA,NO DATA,NO DATA,NO DATA,NO DATA,NO DATA,NO DATA,NO DATA,NO DATA,NO DATA,NO DATA,NO DATA,NO DATA,42,44,43
,24-Aug-2019 02:00:00,T5.HIKA.PFE 1.Converter4,G4,999.0,1000.0,999.0,1002,1007,1004,NO DATA,NO DATA,NO DATA,NO DATA,NO DATA,NO DATA,NO DATA,NO DATA,NO DATA,NO DATA,NO DATA,NO DATA,NO DATA,NO DATA,NO DATA,42,44,43
,24-Aug-2019 02:00:00,T5.HIKA.PFE 1.Converter5,G4,999.0,1000.0,999.0,1001,1002,1001,NO DATA,NO DATA,NO DATA,NO DATA,NO DATA,NO DATA,NO DATA,NO DATA,NO DATA,NO DATA,NO DATA,NO DATA,NO DATA,NO DATA,NO DATA,42,44,43
,24-Aug-2019 02:15:00,B1.ASGO.PFE 1,G3,999.0,1001.0,999.0,483,485,484,996.0,1002.0,999.0,NO DATA,NO DATA,1.0,NO DATA,NO DATA,12,NO DATA,NO DATA,NO DATA,NO DATA,NO DATA,NO DATA,NO DATA,NO DATA,NO DATA
,24-Aug-2019 02:15:00,B1.ASGO.PFE 1.Converter1,G3,999.0,1000.0,999.0,270,271,270,NO DATA,NO DATA,NO DATA,NO DATA,NO DATA,NO DATA,NO DATA,NO DATA,NO DATA,NO DATA,NO DATA,NO DATA,NO DATA,NO DATA,NO DATA,27,28,27
,24-Aug-2019 02:15:00,B1.ASGO.PFE 1.Converter2,G3,999.0,1001.0,1000.0,265,267,265,NO DATA,NO DATA,NO DATA,NO DATA,NO DATA,NO DATA,NO DATA,NO DATA,NO DATA,NO DATA,NO DATA,NO DATA,NO DATA,NO DATA,NO DATA,35,38,36
,24-Aug-2019 02:15:00,T2.NZMA.PFE 1,G4,1000.0,1001.0,1000.0,5120,5121,5120,1000.0,1001.0,1000.0,0.0,1.0,0.0,12,13,12,990.0,992.0,991.0,0.0,0.0,0.0,NO DATA,NO DATA,NO DATA
,24-Aug-2019 02:15:00,T2.NZMA.PFE 1.Converter1,G4,999.0,1000.0,999.0,1041,1046,1044,NO DATA,NO DATA,NO DATA,NO DATA,NO DATA,NO DATA,NO DATA,NO DATA,NO DATA,NO DATA,NO DATA,NO DATA,NO DATA,NO DATA,NO DATA,42,45,43
,24-Aug-2019 02:15:00,T2.NZMA.PFE 1.Converter2,G4,999.0,1000.0,999.0,1052,1053,1052,NO DATA,NO DATA,NO DATA,NO DATA,NO DATA,NO DATA,NO DATA,NO DATA,NO DATA,NO DATA,NO DATA,NO DATA,NO DATA,NO DATA,NO DATA,42,44,43
,24-Aug-2019 02:15:00,T2.NZMA.PFE 1.Converter3,G4,1000.0,1001.0,1000.0,1027,1028,1027,NO DATA,NO DATA,NO DATA,NO DATA,NO DATA,NO DATA,NO DATA,NO DATA,NO DATA,NO DATA,NO DATA,NO DATA,NO DATA,NO DATA,NO DATA,42,45,43
,24-Aug-2019 02:15:00,T2.NZMA.PFE 1.Converter4,G4,1000.0,1001.0,1000.0,999,1003,999,NO DATA,NO DATA,NO DATA,NO DATA,NO DATA,NO DATA,NO DATA,NO DATA,NO DATA,NO DATA,NO DATA,NO DATA,NO DATA,NO DATA,NO DATA,42,44,43
,24-Aug-2019 02:15:00,T2.NZMA.PFE 1.Converter5,G4,999.0,1000.0,999.0,1071,1074,1071,NO DATA,NO DATA,NO DATA,NO DATA,NO DATA,NO DATA,NO DATA,NO DATA,NO DATA,NO DATA,NO DATA,NO DATA,NO DATA,NO DATA,NO DATA,42,44,43
,24-Aug-2019 02:15:00,T3.AUSY.PFE 1,G3,999.0,1001.0,999.0,2504,2506,2505,993.0,1006.0,998.0,NO DATA,NO DATA,1.0,NO DATA,NO DATA,13,NO DATA,NO DATA,NO DATA,NO DATA,NO DATA,NO DATA,NO DATA,NO DATA,NO DATA
,24-Aug-2019 02:15:00,T3.AUSY.PFE 1.Converter1,G3,999.0,1000.0,999.0,1260,1262,1260,NO DATA,NO DATA,NO DATA,NO DATA,NO DATA,NO DATA,NO DATA,NO DATA,NO DATA,NO DATA,NO DATA,NO DATA,NO DATA,NO DATA,NO DATA,39,42,40
,24-Aug-2019 02:15:00,T3.AUSY.PFE 1.Converter2,G3,998.0,1000.0,999.0,1295,1296,1295,NO DATA,NO DATA,NO DATA,NO DATA,NO DATA,NO DATA,NO DATA,NO DATA,NO DATA,NO DATA,NO DATA,NO DATA,NO DATA,NO DATA,NO DATA,37,38,37
,24-Aug-2019 02:15:00,T4.USPA.PFE 1,G4,998.0,1000.0,998.0,5263,5264,5263,998.0,1000.0,998.0,1.0,2.0,1.0,71,95,83,956.0,958.0,956.0,0.0,0.0,0.0,NO DATA,NO DATA,NO DATA
,24-Aug-2019 02:15:00,T4.USPA.PFE 1.Converter1,G4,997.0,999.0,998.0,1772,1774,1772,NO DATA,NO DATA,NO DATA,NO DATA,NO DATA,NO DATA,NO DATA,NO DATA,NO DATA,NO DATA,NO DATA,NO DATA,NO DATA,NO DATA,NO DATA,42,45,43
,24-Aug-2019 02:15:00,T4.USPA.PFE 1.Converter2,G4,997.0,999.0,998.0,1737,1740,1738,NO DATA,NO DATA,NO DATA,NO DATA,NO DATA,NO DATA,NO DATA,NO DATA,NO DATA,NO DATA,NO DATA,NO DATA,NO DATA,NO DATA,NO DATA,42,44,42
,24-Aug-2019 02:15:00,T4.USPA.PFE 1.Converter3,G4,997.0,998.0,997.0,1806,1808,1806,NO DATA,NO DATA,NO DATA,NO DATA,NO DATA,NO DATA,NO DATA,NO DATA,NO DATA,NO DATA,NO DATA,NO DATA,NO DATA,NO DATA,NO DATA,42,45,43
,24-Aug-2019 02:15:00,T5.HIKA.PFE 1,G4,1000.0,1000.0,1000.0,5091,5091,5091,1000.0,1000.0,1000.0,0.0,1.0,0.0,11,13,11,992.0,993.0,992.0,0.0,0.0,0.0,NO DATA,NO DATA,NO DATA
,24-Aug-2019 02:15:00,T5.HIKA.PFE 1.Converter1,G4,1000.0,1000.0,1000.0,1001,1002,1001,NO DATA,NO DATA,NO DATA,NO DATA,NO DATA,NO DATA,NO DATA,NO DATA,NO DATA,NO DATA,NO DATA,NO DATA,NO DATA,NO DATA,NO DATA,42,45,43
,24-Aug-2019 02:15:00,T5.HIKA.PFE 1.Converter2,G4,999.0,1000.0,999.0,1089,1091,1090,NO DATA,NO DATA,NO DATA,NO DATA,NO DATA,NO DATA,NO DATA,NO DATA,NO DATA,NO DATA,NO DATA,NO DATA,NO DATA,NO DATA,NO DATA,42,45,43
,24-Aug-2019 02:15:00,T5.HIKA.PFE 1.Converter3,G4,999.0,1000.0,999.0,1067,1071,1067,NO DATA,NO DATA,NO DATA,NO DATA,NO DATA,NO DATA,NO DATA,NO DATA,NO DATA,NO DATA,NO DATA,NO DATA,NO DATA,NO DATA,NO DATA,42,45,43
,24-Aug-2019 02:15:00,T5.HIKA.PFE 1.Converter4,G4,999.0,1000.0,999.0,1003,1007,1005,NO DATA,NO DATA,NO DATA,NO DATA,NO DATA,NO DATA,NO DATA,NO DATA,NO DATA,NO DATA,NO DATA,NO DATA,NO DATA,NO DATA,NO DATA,42,45,43
,24-Aug-2019 02:15:00,T5.HIKA.PFE 1.Converter5,G4,999.0,1000.0,999.0,1001,1002,1001,NO DATA,NO DATA,NO DATA,NO DATA,NO DATA,NO DATA,NO DATA,NO DATA,NO DATA,NO DATA,NO DATA,NO DATA,NO DATA,NO DATA,NO DATA,42,45,43
,24-Aug-2019 02:30:00,B1.ASGO.PFE 1,G3,999.0,1001.0,999.0,483,485,484,996.0,1002.0,999.0,NO DATA,NO DATA,1.0,NO DATA,NO DATA,12,NO DATA,NO DATA,NO DATA,NO DATA,NO DATA,NO DATA,NO DATA,NO DATA,NO DATA
,24-Aug-2019 02:30:00,B1.ASGO.PFE 1.Converter1,G3,999.0,1000.0,999.0,270,271,270,NO DATA,NO DATA,NO DATA,NO DATA,NO DATA,NO DATA,NO DATA,NO DATA,NO DATA,NO DATA,NO DATA,NO DATA,NO DATA,NO DATA,NO DATA,26,27,26
,24-Aug-2019 02:30:00,B1.ASGO.PFE 1.Converter2,G3,999.0,1001.0,1000.0,265,267,265,NO DATA,NO DATA,NO DATA,NO DATA,NO DATA,NO DATA,NO DATA,NO DATA,NO DATA,NO DATA,NO DATA,NO DATA,NO DATA,NO DATA,NO DATA,35,38,36
,24-Aug-2019 02:30:00,T2.NZMA.PFE 1,G4,1000.0,1001.0,1000.0,5120,5122,5120,1000.0,1001.0,1000.0,0.0,1.0,0.0,12,13,12,990.0,992.0,991.0,0.0,0.0,0.0,NO DATA,NO DATA,NO DATA
,24-Aug-2019 02:30:00,T2.NZMA.PFE 1.Converter1,G4,999.0,1000.0,999.0,1044,1046,1045,NO DATA,NO DATA,NO DATA,NO DATA,NO DATA,NO DATA,NO DATA,NO DATA,NO DATA,NO DATA,NO DATA,NO DATA,NO DATA,NO DATA,NO DATA,42,45,43
,24-Aug-2019 02:30:00,T2.NZMA.PFE 1.Converter2,G4,999.0,1000.0,999.0,1052,1053,1052,NO DATA,NO DATA,NO DATA,NO DATA,NO DATA,NO DATA,NO DATA,NO DATA,NO DATA,NO DATA,NO DATA,NO DATA,NO DATA,NO DATA,NO DATA,42,44,42
,24-Aug-2019 02:30:00,T2.NZMA.PFE 1.Converter3,G4,1000.0,1001.0,1000.0,1026,1028,1027,NO DATA,NO DATA,NO DATA,NO DATA,NO DATA,NO DATA,NO DATA,NO DATA,NO DATA,NO DATA,NO DATA,NO DATA,NO DATA,NO DATA,NO DATA,42,45,43
,24-Aug-2019 02:30:00,T2.NZMA.PFE 1.Converter4,G4,1000.0,1001.0,1000.0,999,1000,999,NO DATA,NO DATA,NO DATA,NO DATA,NO DATA,NO DATA,NO DATA,NO DATA,NO DATA,NO DATA,NO DATA,NO DATA,NO DATA,NO DATA,NO DATA,42,44,43
,24-Aug-2019 02:30:00,T2.NZMA.PFE 1.Converter5,G4,999.0,1000.0,999.0,1071,1073,1071,NO DATA,NO DATA,NO DATA,NO DATA,NO DATA,NO DATA,NO DATA,NO DATA,NO DATA,NO DATA,NO DATA,NO DATA,NO DATA,NO DATA,NO DATA,42,45,43
,24-Aug-2019 02:30:00,T3.AUSY.PFE 1,G3,999.0,1001.0,999.0,2504,2506,2505,993.0,1005.0,998.0,NO DATA,NO DATA,1.0,NO DATA,NO DATA,13,NO DATA,NO DATA,NO DATA,NO DATA,NO DATA,NO DATA,NO DATA,NO DATA,NO DATA
,24-Aug-2019 02:30:00,T3.AUSY.PFE 1.Converter1,G3,999.0,1001.0,999.0,1260,1261,1260,NO DATA,NO DATA,NO DATA,NO DATA,NO DATA,NO DATA,NO DATA,NO DATA,NO DATA,NO DATA,NO DATA,NO DATA,NO DATA,NO DATA,NO DATA,39,42,41
,24-Aug-2019 02:30:00,T3.AUSY.PFE 1.Converter2,G3,999.0,1000.0,999.0,1295,1296,1295,NO DATA,NO DATA,NO DATA,NO DATA,NO DATA,NO DATA,NO DATA,NO DATA,NO DATA,NO DATA,NO DATA,NO DATA,NO DATA,NO DATA,NO DATA,37,38,37
,24-Aug-2019 02:30:00,T4.USPA.PFE 1,G4,998.0,1000.0,998.0,5263,5265,5263,998.0,1000.0,998.0,1.0,2.0,1.0,71,95,83,956.0,958.0,956.0,0.0,0.0,0.0,NO DATA,NO DATA,NO DATA
,24-Aug-2019 02:30:00,T4.USPA.PFE 1.Converter1,G4,998.0,999.0,998.0,1772,1774,1772,NO DATA,NO DATA,NO DATA,NO DATA,NO DATA,NO DATA,NO DATA,NO DATA,NO DATA,NO DATA,NO DATA,NO DATA,NO DATA,NO DATA,NO DATA,42,44,43
,24-Aug-2019 02:30:00,T4.USPA.PFE 1.Converter2,G4,997.0,999.0,998.0,1737,1740,1738,NO DATA,NO DATA,NO DATA,NO DATA,NO DATA,NO DATA,NO DATA,NO DATA,NO DATA,NO DATA,NO DATA,NO DATA,NO DATA,NO DATA,NO DATA,42,44,43
,24-Aug-2019 02:30:00,T4.USPA.PFE 1.Converter3,G4,997.0,998.0,997.0,1806,1808,1807,NO DATA,NO DATA,NO DATA,NO DATA,NO DATA,NO DATA,NO DATA,NO DATA,NO DATA,NO DATA,NO DATA,NO DATA,NO DATA,NO DATA,NO DATA,42,45,43
,24-Aug-2019 02:30:00,T5.HIKA.PFE 1,G4,999.0,1000.0,999.0,5091,5092,5091,999.0,1000.0,999.0,0.0,1.0,0.0,11,13,11,992.0,993.0,992.0,0.0,0.0,0.0,NO DATA,NO DATA,NO DATA
,24-Aug-2019 02:30:00,T5.HIKA.PFE 1.Converter1,G4,1000.0,1000.0,1000.0,1001,1002,1001,NO DATA,NO DATA,NO DATA,NO DATA,NO DATA,NO DATA,NO DATA,NO DATA,NO DATA,NO DATA,NO DATA,NO DATA,NO DATA,NO DATA,NO DATA,42,45,43
,24-Aug-2019 02:30:00,T5.HIKA.PFE 1.Converter2,G4,999.0,1000.0,999.0,1089,1091,1090,NO DATA,NO DATA,NO DATA,NO DATA,NO DATA,NO DATA,NO DATA,NO DATA,NO DATA,NO DATA,NO DATA,NO DATA,NO DATA,NO DATA,NO DATA,42,45,43
,24-Aug-2019 02:30:00,T5.HIKA.PFE 1.Converter3,G4,1000.0,1000.0,1000.0,1067,1071,1068,NO DATA,NO DATA,NO DATA,NO DATA,NO DATA,NO DATA,NO DATA,NO DATA,NO DATA,NO DATA,NO DATA,NO DATA,NO DATA,NO DATA,NO DATA,42,44,43
,24-Aug-2019 02:30:00,T5.HIKA.PFE 1.Converter4,G4,999.0,1000.0,999.0,1003,1007,1005,NO DATA,NO DATA,NO DATA,NO DATA,NO DATA,NO DATA,NO DATA,NO DATA,NO DATA,NO DATA,NO DATA,NO DATA,NO DATA,NO DATA,NO DATA,42,45,43
,24-Aug-2019 02:30:00,T5.HIKA.PFE 1.Converter5,G4,999.0,1000.0,999.0,1001,1002,1001,NO DATA,NO DATA,NO DATA,NO DATA,NO DATA,NO DATA,NO DATA,NO DATA,NO DATA,NO DATA,NO DATA,NO DATA,NO DATA,NO DATA,NO DATA,42,45,43
,24-Aug-2019 02:45:00,B1.ASGO.PFE 1,G3,999.0,1001.0,999.0,483,485,484,996.0,1002.0,999.0,NO DATA,NO DATA,1.0,NO DATA,NO DATA,12,NO DATA,NO DATA,NO DATA,NO DATA,NO DATA,NO DATA,NO DATA,NO DATA,NO DATA
,24-Aug-2019 02:45:00,B1.ASGO.PFE 1.Converter1,G3,999.0,1000.0,999.0,270,271,270,NO DATA,NO DATA,NO DATA,NO DATA,NO DATA,NO DATA,NO DATA,NO DATA,NO DATA,NO DATA,NO DATA,NO DATA,NO DATA,NO DATA,NO DATA,26,27,26
,24-Aug-2019 02:45:00,B1.ASGO.PFE 1.Converter2,G3,999.0,1001.0,1000.0,265,267,266,NO DATA,NO DATA,NO DATA,NO DATA,NO DATA,NO DATA,NO DATA,NO DATA,NO DATA,NO DATA,NO DATA,NO DATA,NO DATA,NO DATA,NO DATA,35,38,36
,24-Aug-2019 02:45:00,T2.NZMA.PFE 1,G4,1000.0,1001.0,1000.0,5120,5121,5120,1000.0,1001.0,1000.0,0.0,1.0,0.0,12,12,12,990.0,992.0,991.0,0.0,0.0,0.0,NO DATA,NO DATA,NO DATA
,24-Aug-2019 02:45:00,T2.NZMA.PFE 1.Converter1,G4,999.0,1000.0,999.0,1042,1046,1044,NO DATA,NO DATA,NO DATA,NO DATA,NO DATA,NO DATA,NO DATA,NO DATA,NO DATA,NO DATA,NO DATA,NO DATA,NO DATA,NO DATA,NO DATA,42,45,43
,24-Aug-2019 02:45:00,T2.NZMA.PFE 1.Converter2,G4,999.0,1000.0,999.0,1052,1053,1052,NO DATA,NO DATA,NO DATA,NO DATA,NO DATA,NO DATA,NO DATA,NO DATA,NO DATA,NO DATA,NO DATA,NO DATA,NO DATA,NO DATA,NO DATA,42,44,43
,24-Aug-2019 02:45:00,T2.NZMA.PFE 1.Converter3,G4,1000.0,1001.0,1000.0,1026,1028,1027,NO DATA,NO DATA,NO DATA,NO DATA,NO DATA,NO DATA,NO DATA,NO DATA,NO DATA,NO DATA,NO DATA,NO DATA,NO DATA,NO DATA,NO DATA,42,44,43
,24-Aug-2019 02:45:00,T2.NZMA.PFE 1.Converter4,G4,1000.0,1001.0,1000.0,999,1002,999,NO DATA,NO DATA,NO DATA,NO DATA,NO DATA,NO DATA,NO DATA,NO DATA,NO DATA,NO DATA,NO DATA,NO DATA,NO DATA,NO DATA,NO DATA,42,44,43
,24-Aug-2019 02:45:00,T2.NZMA.PFE 1.Converter5,G4,999.0,1000.0,999.0,1071,1074,1071,NO DATA,NO DATA,NO DATA,NO DATA,NO DATA,NO DATA,NO DATA,NO DATA,NO DATA,NO DATA,NO DATA,NO DATA,NO DATA,NO DATA,NO DATA,42,44,43
,24-Aug-2019 02:45:00,T3.AUSY.PFE 1,G3,999.0,1001.0,999.0,2504,2506,2505,994.0,1005.0,998.0,NO DATA,NO DATA,1.0,NO DATA,NO DATA,13,NO DATA,NO DATA,NO DATA,NO DATA,NO DATA,NO DATA,NO DATA,NO DATA,NO DATA
,24-Aug-2019 02:45:00,T3.AUSY.PFE 1.Converter1,G3,999.0,1000.0,999.0,1260,1261,1260,NO DATA,NO DATA,NO DATA,NO DATA,NO DATA,NO DATA,NO DATA,NO DATA,NO DATA,NO DATA,NO DATA,NO DATA,NO DATA,NO DATA,NO DATA,40,42,40
,24-Aug-2019 02:45:00,T3.AUSY.PFE 1.Converter2,G3,999.0,1000.0,999.0,1295,1296,1295,NO DATA,NO DATA,NO DATA,NO DATA,NO DATA,NO DATA,NO DATA,NO DATA,NO DATA,NO DATA,NO DATA,NO DATA,NO DATA,NO DATA,NO DATA,37,38,37
,24-Aug-2019 02:45:00,T4.USPA.PFE 1,G4,998.0,1000.0,998.0,5263,5264,5263,998.0,1000.0,998.0,1.0,2.0,1.0,71,94,83,956.0,958.0,956.0,0.0,0.0,0.0,NO DATA,NO DATA,NO DATA
,24-Aug-2019 02:45:00,T4.USPA.PFE 1.Converter1,G4,998.0,999.0,998.0,1772,1774,1772,NO DATA,NO DATA,NO DATA,NO DATA,NO DATA,NO DATA,NO DATA,NO DATA,NO DATA,NO DATA,NO DATA,NO DATA,NO DATA,NO DATA,NO DATA,42,44,43
,24-Aug-2019 02:45:00,T4.USPA.PFE 1.Converter2,G4,998.0,999.0,998.0,1737,1740,1738,NO DATA,NO DATA,NO DATA,NO DATA,NO DATA,NO DATA,NO DATA,NO DATA,NO DATA,NO DATA,NO DATA,NO DATA,NO DATA,NO DATA,NO DATA,42,44,43
,24-Aug-2019 02:45:00,T4.USPA.PFE 1.Converter3,G4,997.0,998.0,997.0,1806,1808,1807,NO DATA,NO DATA,NO DATA,NO DATA,NO DATA,NO DATA,NO DATA,NO DATA,NO DATA,NO DATA,NO DATA,NO DATA,NO DATA,NO DATA,NO DATA,42,45,43
,24-Aug-2019 02:45:00,T5.HIKA.PFE 1,G4,999.0,1000.0,999.0,5091,5092,5091,1000.0,1000.0,1000.0,0.0,1.0,0.0,11,13,11,992.0,993.0,992.0,0.0,0.0,0.0,NO DATA,NO DATA,NO DATA
,24-Aug-2019 02:45:00,T5.HIKA.PFE 1.Converter1,G4,1000.0,1000.0,1000.0,1001,1002,1001,NO DATA,NO DATA,NO DATA,NO DATA,NO DATA,NO DATA,NO DATA,NO DATA,NO DATA,NO DATA,NO DATA,NO DATA,NO DATA,NO DATA,NO DATA,42,45,43
,24-Aug-2019 02:45:00,T5.HIKA.PFE 1.Converter2,G4,999.0,1000.0,999.0,1089,1091,1089,NO DATA,NO DATA,NO DATA,NO DATA,NO DATA,NO DATA,NO DATA,NO DATA,NO DATA,NO DATA,NO DATA,NO DATA,NO DATA,NO DATA,NO DATA,42,45,43
,24-Aug-2019 02:45:00,T5.HIKA.PFE 1.Converter3,G4,999.0,1000.0,999.0,1067,1072,1068,NO DATA,NO DATA,NO DATA,NO DATA,NO DATA,NO DATA,NO DATA,NO DATA,NO DATA,NO DATA,NO DATA,NO DATA,NO DATA,NO DATA,NO DATA,42,44,43
,24-Aug-2019 02:45:00,T5.HIKA.PFE 1.Converter4,G4,999.0,1000.0,999.0,1003,1007,1005,NO DATA,NO DATA,NO DATA,NO DATA,NO DATA,NO DATA,NO DATA,NO DATA,NO DATA,NO DATA,NO DATA,NO DATA,NO DATA,NO DATA,NO DATA,42,45,43
,24-Aug-2019 02:45:00,T5.HIKA.PFE 1.Converter5,G4,999.0,1000.0,999.0,1001,1002,1001,NO DATA,NO DATA,NO DATA,NO DATA,NO DATA,NO DATA,NO DATA,NO DATA,NO DATA,NO DATA,NO DATA,NO DATA,NO DATA,NO DATA,NO DATA,42,45,43
,24-Aug-2019 03:00:00,B1.ASGO.PFE 1,G3,999.0,1001.0,999.0,483,485,483,996.0,1002.0,999.0,NO DATA,NO DATA,1.0,NO DATA,NO DATA,12,NO DATA,NO DATA,NO DATA,NO DATA,NO DATA,NO DATA,NO DATA,NO DATA,NO DATA
,24-Aug-2019 03:00:00,B1.ASGO.PFE 1.Converter1,G3,999.0,1000.0,999.0,270,271,270,NO DATA,NO DATA,NO DATA,NO DATA,NO DATA,NO DATA,NO DATA,NO DATA,NO DATA,NO DATA,NO DATA,NO DATA,NO DATA,NO DATA,NO DATA,27,29,27
,24-Aug-2019 03:00:00,B1.ASGO.PFE 1.Converter2,G3,999.0,1001.0,1000.0,265,267,265,NO DATA,NO DATA,NO DATA,NO DATA,NO DATA,NO DATA,NO DATA,NO DATA,NO DATA,NO DATA,NO DATA,NO DATA,NO DATA,NO DATA,NO DATA,35,39,37
,24-Aug-2019 03:00:00,T2.NZMA.PFE 1,G4,1000.0,1001.0,1000.0,5120,5121,5120,1000.0,1001.0,1000.0,0.0,1.0,0.0,12,13,12,990.0,992.0,991.0,0.0,0.0,0.0,NO DATA,NO DATA,NO DATA
,24-Aug-2019 03:00:00,T2.NZMA.PFE 1.Converter1,G4,999.0,1000.0,999.0,1042,1046,1044,NO DATA,NO DATA,NO DATA,NO DATA,NO DATA,NO DATA,NO DATA,NO DATA,NO DATA,NO DATA,NO DATA,NO DATA,NO DATA,NO DATA,NO DATA,42,45,43
,24-Aug-2019 03:00:00,T2.NZMA.PFE 1.Converter2,G4,999.0,1000.0,999.0,1052,1053,1052,NO DATA,NO DATA,NO DATA,NO DATA,NO DATA,NO DATA,NO DATA,NO DATA,NO DATA,NO DATA,NO DATA,NO DATA,NO DATA,NO DATA,NO DATA,42,44,43
,24-Aug-2019 03:00:00,T2.NZMA.PFE 1.Converter3,G4,1000.0,1001.0,1000.0,1026,1028,1027,NO DATA,NO DATA,NO DATA,NO DATA,NO DATA,NO DATA,NO DATA,NO DATA,NO DATA,NO DATA,NO DATA,NO DATA,NO DATA,NO DATA,NO DATA,42,44,43
,24-Aug-2019 03:00:00,T2.NZMA.PFE 1.Converter4,G4,1000.0,1001.0,1000.0,999,1003,999,NO DATA,NO DATA,NO DATA,NO DATA,NO DATA,NO DATA,NO DATA,NO DATA,NO DATA,NO DATA,NO DATA,NO DATA,NO DATA,NO DATA,NO DATA,42,44,43
,24-Aug-2019 03:00:00,T2.NZMA.PFE 1.Converter5,G4,999.0,1000.0,999.0,1070,1074,1071,NO DATA,NO DATA,NO DATA,NO DATA,NO DATA,NO DATA,NO DATA,NO DATA,NO DATA,NO DATA,NO DATA,NO DATA,NO DATA,NO DATA,NO DATA,42,45,43
,24-Aug-2019 03:00:00,T3.AUSY.PFE 1,G3,999.0,1001.0,999.0,2505,2506,2505,994.0,1004.0,998.0,NO DATA,NO DATA,1.0,NO DATA,NO DATA,13,NO DATA,NO DATA,NO DATA,NO DATA,NO DATA,NO DATA,NO DATA,NO DATA,NO DATA
,24-Aug-2019 03:00:00,T3.AUSY.PFE 1.Converter1,G3,999.0,1000.0,999.0,1260,1261,1260,NO DATA,NO DATA,NO DATA,NO DATA,NO DATA,NO DATA,NO DATA,NO DATA,NO DATA,NO DATA,NO DATA,NO DATA,NO DATA,NO DATA,NO DATA,39,42,41
,24-Aug-2019 03:00:00,T3.AUSY.PFE 1.Converter2,G3,999.0,1000.0,999.0,1295,1296,1295,NO DATA,NO DATA,NO DATA,NO DATA,NO DATA,NO DATA,NO DATA,NO DATA,NO DATA,NO DATA,NO DATA,NO DATA,NO DATA,NO DATA,NO DATA,37,38,37
,24-Aug-2019 03:00:00,T4.USPA.PFE 1,G4,998.0,1000.0,998.0,5262,5264,5263,998.0,1000.0,998.0,1.0,2.0,1.0,72,95,83,956.0,958.0,957.0,0.0,0.0,0.0,NO DATA,NO DATA,NO DATA
,24-Aug-2019 03:00:00,T4.USPA.PFE 1.Converter1,G4,998.0,999.0,998.0,1772,1774,1772,NO DATA,NO DATA,NO DATA,NO DATA,NO DATA,NO DATA,NO DATA,NO DATA,NO DATA,NO DATA,NO DATA,NO DATA,NO DATA,NO DATA,NO DATA,42,44,43
,24-Aug-2019 03:00:00,T4.USPA.PFE 1.Converter2,G4,997.0,999.0,998.0,1737,1739,1738,NO DATA,NO DATA,NO DATA,NO DATA,NO DATA,NO DATA,NO DATA,NO DATA,NO DATA,NO DATA,NO DATA,NO DATA,NO DATA,NO DATA,NO DATA,42,44,42
,24-Aug-2019 03:00:00,T4.USPA.PFE 1.Converter3,G4,997.0,998.0,997.0,1806,1808,1807,NO DATA,NO DATA,NO DATA,NO DATA,NO DATA,NO DATA,NO DATA,NO DATA,NO DATA,NO DATA,NO DATA,NO DATA,NO DATA,NO DATA,NO DATA,42,45,43
,24-Aug-2019 03:00:00,T5.HIKA.PFE 1,G4,1000.0,1000.0,1000.0,5091,5092,5091,1000.0,1000.0,1000.0,0.0,1.0,0.0,11,13,11,992.0,993.0,992.0,0.0,0.0,0.0,NO DATA,NO DATA,NO DATA
,24-Aug-2019 03:00:00,T5.HIKA.PFE 1.Converter1,G4,1000.0,1000.0,1000.0,1001,1002,1001,NO DATA,NO DATA,NO DATA,NO DATA,NO DATA,NO DATA,NO DATA,NO DATA,NO DATA,NO DATA,NO DATA,NO DATA,NO DATA,NO DATA,NO DATA,42,44,43
,24-Aug-2019 03:00:00,T5.HIKA.PFE 1.Converter2,G4,999.0,1000.0,999.0,1089,1091,1090,NO DATA,NO DATA,NO DATA,NO DATA,NO DATA,NO DATA,NO DATA,NO DATA,NO DATA,NO DATA,NO DATA,NO DATA,NO DATA,NO DATA,NO DATA,42,45,43
,24-Aug-2019 03:00:00,T5.HIKA.PFE 1.Converter3,G4,999.0,1000.0,999.0,1067,1072,1068,NO DATA,NO DATA,NO DATA,NO DATA,NO DATA,NO DATA,NO DATA,NO DATA,NO DATA,NO DATA,NO DATA,NO DATA,NO DATA,NO DATA,NO DATA,42,45,43
,24-Aug-2019 03:00:00,T5.HIKA.PFE 1.Converter4,G4,999.0,1000.0,999.0,1003,1007,1005,NO DATA,NO DATA,NO DATA,NO DATA,NO DATA,NO DATA,NO DATA,NO DATA,NO DATA,NO DATA,NO DATA,NO DATA,NO DATA,NO DATA,NO DATA,42,44,43
,24-Aug-2019 03:00:00,T5.HIKA.PFE 1.Converter5,G4,999.0,1000.0,999.0,1001,1002,1001,NO DATA,NO DATA,NO DATA,NO DATA,NO DATA,NO DATA,NO DATA,NO DATA,NO DATA,NO DATA,NO DATA,NO DATA,NO DATA,NO DATA,NO DATA,42,45,43
,24-Aug-2019 03:15:00,B1.ASGO.PFE 1,G3,999.0,1001.0,999.0,483,485,483,996.0,1002.0,999.0,NO DATA,NO DATA,1.0,NO DATA,NO DATA,12,NO DATA,NO DATA,NO DATA,NO DATA,NO DATA,NO DATA,NO DATA,NO DATA,NO DATA
,24-Aug-2019 03:15:00,B1.ASGO.PFE 1.Converter1,G3,999.0,1000.0,999.0,270,271,270,NO DATA,NO DATA,NO DATA,NO DATA,NO DATA,NO DATA,NO DATA,NO DATA,NO DATA,NO DATA,NO DATA,NO DATA,NO DATA,NO DATA,NO DATA,28,30,28
,24-Aug-2019 03:15:00,B1.ASGO.PFE 1.Converter2,G3,999.0,1001.0,1000.0,265,267,265,NO DATA,NO DATA,NO DATA,NO DATA,NO DATA,NO DATA,NO DATA,NO DATA,NO DATA,NO DATA,NO DATA,NO DATA,NO DATA,NO DATA,NO DATA,36,39,37
,24-Aug-2019 03:15:00,T2.NZMA.PFE 1,G4,1000.0,1001.0,1000.0,5120,5121,5120,1000.0,1001.0,1000.0,0.0,1.0,0.0,12,12,12,990.0,992.0,991.0,0.0,0.0,0.0,NO DATA,NO DATA,NO DATA
,24-Aug-2019 03:15:00,T2.NZMA.PFE 1.Converter1,G4,999.0,1000.0,999.0,1043,1046,1044,NO DATA,NO DATA,NO DATA,NO DATA,NO DATA,NO DATA,NO DATA,NO DATA,NO DATA,NO DATA,NO DATA,NO DATA,NO DATA,NO DATA,NO DATA,42,45,43
,24-Aug-2019 03:15:00,T2.NZMA.PFE 1.Converter2,G4,999.0,1000.0,999.0,1052,1053,1052,NO DATA,NO DATA,NO DATA,NO DATA,NO DATA,NO DATA,NO DATA,NO DATA,NO DATA,NO DATA,NO DATA,NO DATA,NO DATA,NO DATA,NO DATA,42,44,43
,24-Aug-2019 03:15:00,T2.NZMA.PFE 1.Converter3,G4,1000.0,1001.0,1000.0,1026,1028,1027,NO DATA,NO DATA,NO DATA,NO DATA,NO DATA,NO DATA,NO DATA,NO DATA,NO DATA,NO DATA,NO DATA,NO DATA,NO DATA,NO DATA,NO DATA,42,45,43
,24-Aug-2019 03:15:00,T2.NZMA.PFE 1.Converter4,G4,1000.0,1001.0,1000.0,999,1002,999,NO DATA,NO DATA,NO DATA,NO DATA,NO DATA,NO DATA,NO DATA,NO DATA,NO DATA,NO DATA,NO DATA,NO DATA,NO DATA,NO DATA,NO DATA,42,45,43
,24-Aug-2019 03:15:00,T2.NZMA.PFE 1.Converter5,G4,999.0,1000.0,999.0,1070,1073,1071,NO DATA,NO DATA,NO DATA,NO DATA,NO DATA,NO DATA,NO DATA,NO DATA,NO DATA,NO DATA,NO DATA,NO DATA,NO DATA,NO DATA,NO DATA,42,44,43
,24-Aug-2019 03:15:00,T3.AUSY.PFE 1,G3,999.0,1001.0,999.0,2505,2506,2505,994.0,1004.0,998.0,NO DATA,NO DATA,1.0,NO DATA,NO DATA,13,NO DATA,NO DATA,NO DATA,NO DATA,NO DATA,NO DATA,NO DATA,NO DATA,NO DATA
,24-Aug-2019 03:15:00,T3.AUSY.PFE 1.Converter1,G3,999.0,1000.0,999.0,1260,1262,1260,NO DATA,NO DATA,NO DATA,NO DATA,NO DATA,NO DATA,NO DATA,NO DATA,NO DATA,NO DATA,NO DATA,NO DATA,NO DATA,NO DATA,NO DATA,40,42,40
,24-Aug-2019 03:15:00,T3.AUSY.PFE 1.Converter2,G3,999.0,1000.0,999.0,1295,1296,1295,NO DATA,NO DATA,NO DATA,NO DATA,NO DATA,NO DATA,NO DATA,NO DATA,NO DATA,NO DATA,NO DATA,NO DATA,NO DATA,NO DATA,NO DATA,37,38,37
,24-Aug-2019 03:15:00,T4.USPA.PFE 1,G4,998.0,1000.0,998.0,5262,5264,5262,998.0,1000.0,998.0,1.0,2.0,1.0,72,95,84,956.0,958.0,956.0,0.0,0.0,0.0,NO DATA,NO DATA,NO DATA
,24-Aug-2019 03:15:00,T4.USPA.PFE 1.Converter1,G4,998.0,999.0,998.0,1771,1774,1772,NO DATA,NO DATA,NO DATA,NO DATA,NO DATA,NO DATA,NO DATA,NO DATA,NO DATA,NO DATA,NO DATA,NO DATA,NO DATA,NO DATA,NO DATA,42,44,43
,24-Aug-2019 03:15:00,T4.USPA.PFE 1.Converter2,G4,997.0,999.0,998.0,1737,1740,1738,NO DATA,NO DATA,NO DATA,NO DATA,NO DATA,NO DATA,NO DATA,NO DATA,NO DATA,NO DATA,NO DATA,NO DATA,NO DATA,NO DATA,NO DATA,42,44,43
,24-Aug-2019 03:15:00,T4.USPA.PFE 1.Converter3,G4,997.0,998.0,997.0,1805,1808,1806,NO DATA,NO DATA,NO DATA,NO DATA,NO DATA,NO DATA,NO DATA,NO DATA,NO DATA,NO DATA,NO DATA,NO DATA,NO DATA,NO DATA,NO DATA,42,45,43
,24-Aug-2019 03:15:00,T5.HIKA.PFE 1,G4,1000.0,1000.0,1000.0,5091,5092,5091,999.0,1000.0,999.0,0.0,1.0,0.0,11,13,11,992.0,993.0,992.0,0.0,0.0,0.0,NO DATA,NO DATA,NO DATA
,24-Aug-2019 03:15:00,T5.HIKA.PFE 1.Converter1,G4,1000.0,1000.0,1000.0,1001,1002,1001,NO DATA,NO DATA,NO DATA,NO DATA,NO DATA,NO DATA,NO DATA,NO DATA,NO DATA,NO DATA,NO DATA,NO DATA,NO DATA,NO DATA,NO DATA,42,45,43
,24-Aug-2019 03:15:00,T5.HIKA.PFE 1.Converter2,G4,999.0,1000.0,999.0,1089,1091,1090,NO DATA,NO DATA,NO DATA,NO DATA,NO DATA,NO DATA,NO DATA,NO DATA,NO DATA,NO DATA,NO DATA,NO DATA,NO DATA,NO DATA,NO DATA,42,45,43
,24-Aug-2019 03:15:00,T5.HIKA.PFE 1.Converter3,G4,1000.0,1000.0,1000.0,1067,1071,1068,NO DATA,NO DATA,NO DATA,NO DATA,NO DATA,NO DATA,NO DATA,NO DATA,NO DATA,NO DATA,NO DATA,NO DATA,NO DATA,NO DATA,NO DATA,42,45,43
,24-Aug-2019 03:15:00,T5.HIKA.PFE 1.Converter4,G4,999.0,1000.0,999.0,1003,1007,1005,NO DATA,NO DATA,NO DATA,NO DATA,NO DATA,NO DATA,NO DATA,NO DATA,NO DATA,NO DATA,NO DATA,NO DATA,NO DATA,NO DATA,NO DATA,42,45,43
,24-Aug-2019 03:15:00,T5.HIKA.PFE 1.Converter5,G4,999.0,1000.0,999.0,1001,1002,1001,NO DATA,NO DATA,NO DATA,NO DATA,NO DATA,NO DATA,NO DATA,NO DATA,NO DATA,NO DATA,NO DATA,NO DATA,NO DATA,NO DATA,NO DATA,42,45,43
,24-Aug-2019 03:30:00,B1.ASGO.PFE 1,G3,999.0,1001.0,999.0,483,485,483,996.0,1002.0,999.0,NO DATA,NO DATA,1.0,NO DATA,NO DATA,12,NO DATA,NO DATA,NO DATA,NO DATA,NO DATA,NO DATA,NO DATA,NO DATA,NO DATA
,24-Aug-2019 03:30:00,B1.ASGO.PFE 1.Converter1,G3,999.0,1000.0,999.0,270,271,270,NO DATA,NO DATA,NO DATA,NO DATA,NO DATA,NO DATA,NO DATA,NO DATA,NO DATA,NO DATA,NO DATA,NO DATA,NO DATA,NO DATA,NO DATA,29,30,29
,24-Aug-2019 03:30:00,B1.ASGO.PFE 1.Converter2,G3,999.0,1001.0,1000.0,265,266,265,NO DATA,NO DATA,NO DATA,NO DATA,NO DATA,NO DATA,NO DATA,NO DATA,NO DATA,NO DATA,NO DATA,NO DATA,NO DATA,NO DATA,NO DATA,37,40,38
,24-Aug-2019 03:30:00,T2.NZMA.PFE 1,G4,1000.0,1001.0,1000.0,5120,5121,5120,1000.0,1001.0,1000.0,0.0,1.0,0.0,12,12,12,990.0,992.0,991.0,0.0,0.0,0.0,NO DATA,NO DATA,NO DATA
,24-Aug-2019 03:30:00,T2.NZMA.PFE 1.Converter1,G4,999.0,1000.0,999.0,1042,1046,1044,NO DATA,NO DATA,NO DATA,NO DATA,NO DATA,NO DATA,NO DATA,NO DATA,NO DATA,NO DATA,NO DATA,NO DATA,NO DATA,NO DATA,NO DATA,42,45,43
,24-Aug-2019 03:30:00,T2.NZMA.PFE 1.Converter2,G4,999.0,1000.0,999.0,1052,1054,1053,NO DATA,NO DATA,NO DATA,NO DATA,NO DATA,NO DATA,NO DATA,NO DATA,NO DATA,NO DATA,NO DATA,NO DATA,NO DATA,NO DATA,NO DATA,42,44,43
,24-Aug-2019 03:30:00,T2.NZMA.PFE 1.Converter3,G4,1000.0,1001.0,1000.0,1027,1028,1027,NO DATA,NO DATA,NO DATA,NO DATA,NO DATA,NO DATA,NO DATA,NO DATA,NO DATA,NO DATA,NO DATA,NO DATA,NO DATA,NO DATA,NO DATA,42,45,43
,24-Aug-2019 03:30:00,T2.NZMA.PFE 1.Converter4,G4,1000.0,1001.0,1000.0,999,1001,999,NO DATA,NO DATA,NO DATA,NO DATA,NO DATA,NO DATA,NO DATA,NO DATA,NO DATA,NO DATA,NO DATA,NO DATA,NO DATA,NO DATA,NO DATA,42,44,43
,24-Aug-2019 03:30:00,T2.NZMA.PFE 1.Converter5,G4,999.0,1000.0,999.0,1070,1073,1071,NO DATA,NO DATA,NO DATA,NO DATA,NO DATA,NO DATA,NO DATA,NO DATA,NO DATA,NO DATA,NO DATA,NO DATA,NO DATA,NO DATA,NO DATA,42,44,43
,24-Aug-2019 03:30:00,T3.AUSY.PFE 1,G3,999.0,1000.0,999.0,2505,2506,2505,993.0,1004.0,998.0,NO DATA,NO DATA,1.0,NO DATA,NO DATA,13,NO DATA,NO DATA,NO DATA,NO DATA,NO DATA,NO DATA,NO DATA,NO DATA,NO DATA
,24-Aug-2019 03:30:00,T3.AUSY.PFE 1.Converter1,G3,999.0,1000.0,999.0,1260,1262,1260,NO DATA,NO DATA,NO DATA,NO DATA,NO DATA,NO DATA,NO DATA,NO DATA,NO DATA,NO DATA,NO DATA,NO DATA,NO DATA,NO DATA,NO DATA,39,42,41
,24-Aug-2019 03:30:00,T3.AUSY.PFE 1.Converter2,G3,999.0,1000.0,999.0,1295,1297,1295,NO DATA,NO DATA,NO DATA,NO DATA,NO DATA,NO DATA,NO DATA,NO DATA,NO DATA,NO DATA,NO DATA,NO DATA,NO DATA,NO DATA,NO DATA,37,38,37
,24-Aug-2019 03:30:00,T4.USPA.PFE 1,G4,998.0,1000.0,998.0,5262,5264,5262,998.0,1000.0,998.0,1.0,2.0,1.0,72,95,83,956.0,958.0,956.0,0.0,0.0,0.0,NO DATA,NO DATA,NO DATA
,24-Aug-2019 03:30:00,T4.USPA.PFE 1.Converter1,G4,998.0,999.0,998.0,1771,1773,1772,NO DATA,NO DATA,NO DATA,NO DATA,NO DATA,NO DATA,NO DATA,NO DATA,NO DATA,NO DATA,NO DATA,NO DATA,NO DATA,NO DATA,NO DATA,42,45,43
,24-Aug-2019 03:30:00,T4.USPA.PFE 1.Converter2,G4,997.0,999.0,998.0,1737,1739,1738,NO DATA,NO DATA,NO DATA,NO DATA,NO DATA,NO DATA,NO DATA,NO DATA,NO DATA,NO DATA,NO DATA,NO DATA,NO DATA,NO DATA,NO DATA,42,44,43
,24-Aug-2019 03:30:00,T4.USPA.PFE 1.Converter3,G4,997.0,998.0,997.0,1806,1808,1807,NO DATA,NO DATA,NO DATA,NO DATA,NO DATA,NO DATA,NO DATA,NO DATA,NO DATA,NO DATA,NO DATA,NO DATA,NO DATA,NO DATA,NO DATA,42,45,43
,24-Aug-2019 03:30:00,T5.HIKA.PFE 1,G4,1000.0,1000.0,1000.0,5091,5092,5091,1000.0,1000.0,1000.0,0.0,1.0,0.0,11,13,11,992.0,993.0,992.0,0.0,0.0,0.0,NO DATA,NO DATA,NO DATA
,24-Aug-2019 03:30:00,T5.HIKA.PFE 1.Converter1,G4,1000.0,1000.0,1000.0,1001,1002,1001,NO DATA,NO DATA,NO DATA,NO DATA,NO DATA,NO DATA,NO DATA,NO DATA,NO DATA,NO DATA,NO DATA,NO DATA,NO DATA,NO DATA,NO DATA,42,45,43
,24-Aug-2019 03:30:00,T5.HIKA.PFE 1.Converter2,G4,999.0,1000.0,999.0,1090,1091,1090,NO DATA,NO DATA,NO DATA,NO DATA,NO DATA,NO DATA,NO DATA,NO DATA,NO DATA,NO DATA,NO DATA,NO DATA,NO DATA,NO DATA,NO DATA,42,45,43
,24-Aug-2019 03:30:00,T5.HIKA.PFE 1.Converter3,G4,999.0,1000.0,999.0,1067,1071,1067,NO DATA,NO DATA,NO DATA,NO DATA,NO DATA,NO DATA,NO DATA,NO DATA,NO DATA,NO DATA,NO DATA,NO DATA,NO DATA,NO DATA,NO DATA,42,45,43
,24-Aug-2019 03:30:00,T5.HIKA.PFE 1.Converter4,G4,999.0,1000.0,999.0,1003,1007,1005,NO DATA,NO DATA,NO DATA,NO DATA,NO DATA,NO DATA,NO DATA,NO DATA,NO DATA,NO DATA,NO DATA,NO DATA,NO DATA,NO DATA,NO DATA,42,45,43
,24-Aug-2019 03:30:00,T5.HIKA.PFE 1.Converter5,G4,999.0,1000.0,999.0,1001,1002,1001,NO DATA,NO DATA,NO DATA,NO DATA,NO DATA,NO DATA,NO DATA,NO DATA,NO DATA,NO DATA,NO DATA,NO DATA,NO DATA,NO DATA,NO DATA,42,45,43
,24-Aug-2019 03:45:00,B1.ASGO.PFE 1,G3,999.0,1001.0,999.0,483,485,483,996.0,1003.0,999.0,NO DATA,NO DATA,1.0,NO DATA,NO DATA,12,NO DATA,NO DATA,NO DATA,NO DATA,NO DATA,NO DATA,NO DATA,NO DATA,NO DATA
,24-Aug-2019 03:45:00,B1.ASGO.PFE 1.Converter1,G3,999.0,1000.0,999.0,270,271,270,NO DATA,NO DATA,NO DATA,NO DATA,NO DATA,NO DATA,NO DATA,NO DATA,NO DATA,NO DATA,NO DATA,NO DATA,NO DATA,NO DATA,NO DATA,29,30,29
,24-Aug-2019 03:45:00,B1.ASGO.PFE 1.Converter2,G3,999.0,1001.0,1000.0,265,266,265,NO DATA,NO DATA,NO DATA,NO DATA,NO DATA,NO DATA,NO DATA,NO DATA,NO DATA,NO DATA,NO DATA,NO DATA,NO DATA,NO DATA,NO DATA,37,40,38
,24-Aug-2019 03:45:00,T2.NZMA.PFE 1,G4,1000.0,1001.0,1000.0,5119,5120,5119,1000.0,1001.0,1000.0,0.0,1.0,0.0,12,13,12,990.0,992.0,991.0,0.0,0.0,0.0,NO DATA,NO DATA,NO DATA
,24-Aug-2019 03:45:00,T2.NZMA.PFE 1.Converter1,G4,999.0,1000.0,999.0,1041,1045,1044,NO DATA,NO DATA,NO DATA,NO DATA,NO DATA,NO DATA,NO DATA,NO DATA,NO DATA,NO DATA,NO DATA,NO DATA,NO DATA,NO DATA,NO DATA,42,45,43
,24-Aug-2019 03:45:00,T2.NZMA.PFE 1.Converter2,G4,999.0,1000.0,999.0,1052,1053,1052,NO DATA,NO DATA,NO DATA,NO DATA,NO DATA,NO DATA,NO DATA,NO DATA,NO DATA,NO DATA,NO DATA,NO DATA,NO DATA,NO DATA,NO DATA,42,44,43
,24-Aug-2019 03:45:00,T2.NZMA.PFE 1.Converter3,G4,1000.0,1001.0,1000.0,1026,1028,1027,NO DATA,NO DATA,NO DATA,NO DATA,NO DATA,NO DATA,NO DATA,NO DATA,NO DATA,NO DATA,NO DATA,NO DATA,NO DATA,NO DATA,NO DATA,42,45,43
,24-Aug-2019 03:45:00,T2.NZMA.PFE 1.Converter4,G4,1000.0,1001.0,1000.0,999,1002,999,NO DATA,NO DATA,NO DATA,NO DATA,NO DATA,NO DATA,NO DATA,NO DATA,NO DATA,NO DATA,NO DATA,NO DATA,NO DATA,NO DATA,NO DATA,42,45,43
,24-Aug-2019 03:45:00,T2.NZMA.PFE 1.Converter5,G4,999.0,1000.0,999.0,1070,1073,1071,NO DATA,NO DATA,NO DATA,NO DATA,NO DATA,NO DATA,NO DATA,NO DATA,NO DATA,NO DATA,NO DATA,NO DATA,NO DATA,NO DATA,NO DATA,42,45,43
,24-Aug-2019 03:45:00,T3.AUSY.PFE 1,G3,999.0,1001.0,999.0,2505,2506,2505,993.0,1004.0,998.0,NO DATA,NO DATA,1.0,NO DATA,NO DATA,13,NO DATA,NO DATA,NO DATA,NO DATA,NO DATA,NO DATA,NO DATA,NO DATA,NO DATA
,24-Aug-2019 03:45:00,T3.AUSY.PFE 1.Converter1,G3,999.0,1000.0,999.0,1260,1262,1260,NO DATA,NO DATA,NO DATA,NO DATA,NO DATA,NO DATA,NO DATA,NO DATA,NO DATA,NO DATA,NO DATA,NO DATA,NO DATA,NO DATA,NO DATA,39,42,41
,24-Aug-2019 03:45:00,T3.AUSY.PFE 1.Converter2,G3,999.0,1000.0,999.0,1294,1296,1295,NO DATA,NO DATA,NO DATA,NO DATA,NO DATA,NO DATA,NO DATA,NO DATA,NO DATA,NO DATA,NO DATA,NO DATA,NO DATA,NO DATA,NO DATA,37,38,37
,24-Aug-2019 03:45:00,T4.USPA.PFE 1,G4,998.0,1000.0,998.0,5262,5264,5262,998.0,1000.0,998.0,1.0,2.0,1.0,71,95,83,956.0,958.0,957.0,0.0,0.0,0.0,NO DATA,NO DATA,NO DATA
,24-Aug-2019 03:45:00,T4.USPA.PFE 1.Converter1,G4,998.0,999.0,998.0,1772,1774,1772,NO DATA,NO DATA,NO DATA,NO DATA,NO DATA,NO DATA,NO DATA,NO DATA,NO DATA,NO DATA,NO DATA,NO DATA,NO DATA,NO DATA,NO DATA,42,45,43
,24-Aug-2019 03:45:00,T4.USPA.PFE 1.Converter2,G4,997.0,999.0,998.0,1737,1739,1738,NO DATA,NO DATA,NO DATA,NO DATA,NO DATA,NO DATA,NO DATA,NO DATA,NO DATA,NO DATA,NO DATA,NO DATA,NO DATA,NO DATA,NO DATA,42,44,43
,24-Aug-2019 03:45:00,T4.USPA.PFE 1.Converter3,G4,997.0,998.0,997.0,1806,1808,1806,NO DATA,NO DATA,NO DATA,NO DATA,NO DATA,NO DATA,NO DATA,NO DATA,NO DATA,NO DATA,NO DATA,NO DATA,NO DATA,NO DATA,NO DATA,42,45,43
,24-Aug-2019 03:45:00,T5.HIKA.PFE 1,G4,1000.0,1000.0,1000.0,5091,5092,5091,1000.0,1000.0,1000.0,0.0,1.0,0.0,11,13,11,992.0,993.0,992.0,0.0,0.0,0.0,NO DATA,NO DATA,NO DATA
,24-Aug-2019 03:45:00,T5.HIKA.PFE 1.Converter1,G4,1000.0,1000.0,1000.0,1000,1002,1001,NO DATA,NO DATA,NO DATA,NO DATA,NO DATA,NO DATA,NO DATA,NO DATA,NO DATA,NO DATA,NO DATA,NO DATA,NO DATA,NO DATA,NO DATA,42,44,43
,24-Aug-2019 03:45:00,T5.HIKA.PFE 1.Converter2,G4,999.0,1000.0,999.0,1089,1091,1090,NO DATA,NO DATA,NO DATA,NO DATA,NO DATA,NO DATA,NO DATA,NO DATA,NO DATA,NO DATA,NO DATA,NO DATA,NO DATA,NO DATA,NO DATA,42,45,43
,24-Aug-2019 03:45:00,T5.HIKA.PFE 1.Converter3,G4,999.0,1000.0,999.0,1067,1072,1068,NO DATA,NO DATA,NO DATA,NO DATA,NO DATA,NO DATA,NO DATA,NO DATA,NO DATA,NO DATA,NO DATA,NO DATA,NO DATA,NO DATA,NO DATA,42,45,43
,24-Aug-2019 03:45:00,T5.HIKA.PFE 1.Converter4,G4,999.0,1000.0,999.0,1002,1007,1005,NO DATA,NO DATA,NO DATA,NO DATA,NO DATA,NO DATA,NO DATA,NO DATA,NO DATA,NO DATA,NO DATA,NO DATA,NO DATA,NO DATA,NO DATA,42,45,43
,24-Aug-2019 03:45:00,T5.HIKA.PFE 1.Converter5,G4,999.0,1000.0,999.0,1001,1002,1001,NO DATA,NO DATA,NO DATA,NO DATA,NO DATA,NO DATA,NO DATA,NO DATA,NO DATA,NO DATA,NO DATA,NO DATA,NO DATA,NO DATA,NO DATA,42,44,43
,24-Aug-2019 04:00:00,B1.ASGO.PFE 1,G3,999.0,1001.0,999.0,483,485,483,996.0,1003.0,999.0,NO DATA,NO DATA,1.0,NO DATA,NO DATA,12,NO DATA,NO DATA,NO DATA,NO DATA,NO DATA,NO DATA,NO DATA,NO DATA,NO DATA
,24-Aug-2019 04:00:00,B1.ASGO.PFE 1.Converter1,G3,999.0,1000.0,999.0,270,271,270,NO DATA,NO DATA,NO DATA,NO DATA,NO DATA,NO DATA,NO DATA,NO DATA,NO DATA,NO DATA,NO DATA,NO DATA,NO DATA,NO DATA,NO DATA,27,29,28
,24-Aug-2019 04:00:00,B1.ASGO.PFE 1.Converter2,G3,999.0,1001.0,1000.0,265,266,265,NO DATA,NO DATA,NO DATA,NO DATA,NO DATA,NO DATA,NO DATA,NO DATA,NO DATA,NO DATA,NO DATA,NO DATA,NO DATA,NO DATA,NO DATA,36,39,37
,24-Aug-2019 04:00:00,T2.NZMA.PFE 1,G4,1000.0,1001.0,1000.0,5119,5120,5119,1000.0,1001.0,1000.0,0.0,1.0,0.0,12,13,12,990.0,992.0,991.0,0.0,0.0,0.0,NO DATA,NO DATA,NO DATA
,24-Aug-2019 04:00:00,T2.NZMA.PFE 1.Converter1,G4,999.0,1000.0,999.0,1041,1045,1044,NO DATA,NO DATA,NO DATA,NO DATA,NO DATA,NO DATA,NO DATA,NO DATA,NO DATA,NO DATA,NO DATA,NO DATA,NO DATA,NO DATA,NO DATA,42,45,43
,24-Aug-2019 04:00:00,T2.NZMA.PFE 1.Converter2,G4,999.0,1000.0,999.0,1052,1053,1052,NO DATA,NO DATA,NO DATA,NO DATA,NO DATA,NO DATA,NO DATA,NO DATA,NO DATA,NO DATA,NO DATA,NO DATA,NO DATA,NO DATA,NO DATA,42,44,43
,24-Aug-2019 04:00:00,T2.NZMA.PFE 1.Converter3,G4,1000.0,1001.0,1000.0,1026,1028,1027,NO DATA,NO DATA,NO DATA,NO DATA,NO DATA,NO DATA,NO DATA,NO DATA,NO DATA,NO DATA,NO DATA,NO DATA,NO DATA,NO DATA,NO DATA,42,45,43
,24-Aug-2019 04:00:00,T2.NZMA.PFE 1.Converter4,G4,1000.0,1001.0,1000.0,999,1002,999,NO DATA,NO DATA,NO DATA,NO DATA,NO DATA,NO DATA,NO DATA,NO DATA,NO DATA,NO DATA,NO DATA,NO DATA,NO DATA,NO DATA,NO DATA,42,44,43
,24-Aug-2019 04:00:00,T2.NZMA.PFE 1.Converter5,G4,999.0,1000.0,999.0,1070,1075,1071,NO DATA,NO DATA,NO DATA,NO DATA,NO DATA,NO DATA,NO DATA,NO DATA,NO DATA,NO DATA,NO DATA,NO DATA,NO DATA,NO DATA,NO DATA,42,44,43
,24-Aug-2019 04:00:00,T3.AUSY.PFE 1,G3,999.0,1001.0,999.0,2504,2506,2505,994.0,1005.0,998.0,NO DATA,NO DATA,1.0,NO DATA,NO DATA,13,NO DATA,NO DATA,NO DATA,NO DATA,NO DATA,NO DATA,NO DATA,NO DATA,NO DATA
,24-Aug-2019 04:00:00,T3.AUSY.PFE 1.Converter1,G3,999.0,1000.0,999.0,1260,1262,1261,NO DATA,NO DATA,NO DATA,NO DATA,NO DATA,NO DATA,NO DATA,NO DATA,NO DATA,NO DATA,NO DATA,NO DATA,NO DATA,NO DATA,NO DATA,39,42,40
,24-Aug-2019 04:00:00,T3.AUSY.PFE 1.Converter2,G3,999.0,1000.0,999.0,1294,1296,1295,NO DATA,NO DATA,NO DATA,NO DATA,NO DATA,NO DATA,NO DATA,NO DATA,NO DATA,NO DATA,NO DATA,NO DATA,NO DATA,NO DATA,NO DATA,37,38,37
,24-Aug-2019 04:00:00,T4.USPA.PFE 1,G4,998.0,1000.0,998.0,5262,5263,5262,998.0,1000.0,998.0,1.0,2.0,1.0,72,96,84,956.0,958.0,956.0,0.0,0.0,0.0,NO DATA,NO DATA,NO DATA
,24-Aug-2019 04:00:00,T4.USPA.PFE 1.Converter1,G4,998.0,999.0,998.0,1772,1774,1772,NO DATA,NO DATA,NO DATA,NO DATA,NO DATA,NO DATA,NO DATA,NO DATA,NO DATA,NO DATA,NO DATA,NO DATA,NO DATA,NO DATA,NO DATA,42,44,43
,24-Aug-2019 04:00:00,T4.USPA.PFE 1.Converter2,G4,997.0,999.0,998.0,1737,1740,1738,NO DATA,NO DATA,NO DATA,NO DATA,NO DATA,NO DATA,NO DATA,NO DATA,NO DATA,NO DATA,NO DATA,NO DATA,NO DATA,NO DATA,NO DATA,42,44,43
,24-Aug-2019 04:00:00,T4.USPA.PFE 1.Converter3,G4,997.0,998.0,997.0,1805,1808,1806,NO DATA,NO DATA,NO DATA,NO DATA,NO DATA,NO DATA,NO DATA,NO DATA,NO DATA,NO DATA,NO DATA,NO DATA,NO DATA,NO DATA,NO DATA,42,45,43
,24-Aug-2019 04:00:00,T5.HIKA.PFE 1,G4,1000.0,1000.0,1000.0,5090,5091,5090,1000.0,1000.0,1000.0,0.0,1.0,0.0,11,13,11,992.0,993.0,992.0,0.0,0.0,0.0,NO DATA,NO DATA,NO DATA
,24-Aug-2019 04:00:00,T5.HIKA.PFE 1.Converter1,G4,1000.0,1000.0,1000.0,1000,1002,1001,NO DATA,NO DATA,NO DATA,NO DATA,NO DATA,NO DATA,NO DATA,NO DATA,NO DATA,NO DATA,NO DATA,NO DATA,NO DATA,NO DATA,NO DATA,42,44,43
,24-Aug-2019 04:00:00,T5.HIKA.PFE 1.Converter2,G4,999.0,1000.0,999.0,1089,1091,1089,NO DATA,NO DATA,NO DATA,NO DATA,NO DATA,NO DATA,NO DATA,NO DATA,NO DATA,NO DATA,NO DATA,NO DATA,NO DATA,NO DATA,NO DATA,42,45,43
,24-Aug-2019 04:00:00,T5.HIKA.PFE 1.Converter3,G4,999.0,1000.0,999.0,1067,1072,1068,NO DATA,NO DATA,NO DATA,NO DATA,NO DATA,NO DATA,NO DATA,NO DATA,NO DATA,NO DATA,NO DATA,NO DATA,NO DATA,NO DATA,NO DATA,42,45,43
,24-Aug-2019 04:00:00,T5.HIKA.PFE 1.Converter4,G4,999.0,1000.0,999.0,1003,1007,1005,NO DATA,NO DATA,NO DATA,NO DATA,NO DATA,NO DATA,NO DATA,NO DATA,NO DATA,NO DATA,NO DATA,NO DATA,NO DATA,NO DATA,NO DATA,42,45,43
,24-Aug-2019 04:00:00,T5.HIKA.PFE 1.Converter5,G4,999.0,1000.0,999.0,1001,1002,1001,NO DATA,NO DATA,NO DATA,NO DATA,NO DATA,NO DATA,NO DATA,NO DATA,NO DATA,NO DATA,NO DATA,NO DATA,NO DATA,NO DATA,NO DATA,42,45,43
,24-Aug-2019 04:15:00,B1.ASGO.PFE 1,G3,999.0,1001.0,999.0,483,485,483,996.0,1003.0,999.0,NO DATA,NO DATA,1.0,NO DATA,NO DATA,12,NO DATA,NO DATA,NO DATA,NO DATA,NO DATA,NO DATA,NO DATA,NO DATA,NO DATA
,24-Aug-2019 04:15:00,B1.ASGO.PFE 1.Converter1,G3,999.0,1000.0,999.0,270,271,270,NO DATA,NO DATA,NO DATA,NO DATA,NO DATA,NO DATA,NO DATA,NO DATA,NO DATA,NO DATA,NO DATA,NO DATA,NO DATA,NO DATA,NO DATA,27,28,27
,24-Aug-2019 04:15:00,B1.ASGO.PFE 1.Converter2,G3,999.0,1001.0,1000.0,265,267,265,NO DATA,NO DATA,NO DATA,NO DATA,NO DATA,NO DATA,NO DATA,NO DATA,NO DATA,NO DATA,NO DATA,NO DATA,NO DATA,NO DATA,NO DATA,36,38,36
,24-Aug-2019 04:15:00,T2.NZMA.PFE 1,G4,1000.0,1001.0,1000.0,5118,5120,5119,1000.0,1001.0,1000.0,0.0,1.0,0.0,12,12,12,990.0,992.0,991.0,0.0,0.0,0.0,NO DATA,NO DATA,NO DATA
,24-Aug-2019 04:15:00,T2.NZMA.PFE 1.Converter1,G4,999.0,1000.0,999.0,1041,1046,1044,NO DATA,NO DATA,NO DATA,NO DATA,NO DATA,NO DATA,NO DATA,NO DATA,NO DATA,NO DATA,NO DATA,NO DATA,NO DATA,NO DATA,NO DATA,42,45,43
,24-Aug-2019 04:15:00,T2.NZMA.PFE 1.Converter2,G4,999.0,1000.0,999.0,1052,1054,1052,NO DATA,NO DATA,NO DATA,NO DATA,NO DATA,NO DATA,NO DATA,NO DATA,NO DATA,NO DATA,NO DATA,NO DATA,NO DATA,NO DATA,NO DATA,42,45,43
,24-Aug-2019 04:15:00,T2.NZMA.PFE 1.Converter3,G4,1000.0,1001.0,1000.0,1024,1028,1026,NO DATA,NO DATA,NO DATA,NO DATA,NO DATA,NO DATA,NO DATA,NO DATA,NO DATA,NO DATA,NO DATA,NO DATA,NO DATA,NO DATA,NO DATA,42,44,43
,24-Aug-2019 04:15:00,T2.NZMA.PFE 1.Converter4,G4,1000.0,1001.0,1000.0,999,1002,999,NO DATA,NO DATA,NO DATA,NO DATA,NO DATA,NO DATA,NO DATA,NO DATA,NO DATA,NO DATA,NO DATA,NO DATA,NO DATA,NO DATA,NO DATA,42,45,43
,24-Aug-2019 04:15:00,T2.NZMA.PFE 1.Converter5,G4,999.0,1000.0,999.0,1071,1075,1071,NO DATA,NO DATA,NO DATA,NO DATA,NO DATA,NO DATA,NO DATA,NO DATA,NO DATA,NO DATA,NO DATA,NO DATA,NO DATA,NO DATA,NO DATA,42,45,43
,24-Aug-2019 04:15:00,T3.AUSY.PFE 1,G3,999.0,1001.0,999.0,2504,2506,2504,993.0,1005.0,998.0,NO DATA,NO DATA,1.0,NO DATA,NO DATA,13,NO DATA,NO DATA,NO DATA,NO DATA,NO DATA,NO DATA,NO DATA,NO DATA,NO DATA
,24-Aug-2019 04:15:00,T3.AUSY.PFE 1.Converter1,G3,999.0,1000.0,999.0,1260,1262,1260,NO DATA,NO DATA,NO DATA,NO DATA,NO DATA,NO DATA,NO DATA,NO DATA,NO DATA,NO DATA,NO DATA,NO DATA,NO DATA,NO DATA,NO DATA,39,42,41
,24-Aug-2019 04:15:00,T3.AUSY.PFE 1.Converter2,G3,999.0,1000.0,999.0,1294,1296,1295,NO DATA,NO DATA,NO DATA,NO DATA,NO DATA,NO DATA,NO DATA,NO DATA,NO DATA,NO DATA,NO DATA,NO DATA,NO DATA,NO DATA,NO DATA,37,38,37
,24-Aug-2019 04:15:00,T4.USPA.PFE 1,G4,998.0,1000.0,998.0,5262,5265,5263,998.0,1000.0,998.0,1.0,2.0,1.0,72,96,83,956.0,958.0,957.0,0.0,0.0,0.0,NO DATA,NO DATA,NO DATA
,24-Aug-2019 04:15:00,T4.USPA.PFE 1.Converter1,G4,998.0,999.0,998.0,1772,1774,1772,NO DATA,NO DATA,NO DATA,NO DATA,NO DATA,NO DATA,NO DATA,NO DATA,NO DATA,NO DATA,NO DATA,NO DATA,NO DATA,NO DATA,NO DATA,42,45,43
,24-Aug-2019 04:15:00,T4.USPA.PFE 1.Converter2,G4,997.0,999.0,998.0,1737,1740,1738,NO DATA,NO DATA,NO DATA,NO DATA,NO DATA,NO DATA,NO DATA,NO DATA,NO DATA,NO DATA,NO DATA,NO DATA,NO DATA,NO DATA,NO DATA,42,44,43
,24-Aug-2019 04:15:00,T4.USPA.PFE 1.Converter3,G4,997.0,998.0,997.0,1805,1808,1806,NO DATA,NO DATA,NO DATA,NO DATA,NO DATA,NO DATA,NO DATA,NO DATA,NO DATA,NO DATA,NO DATA,NO DATA,NO DATA,NO DATA,NO DATA,42,45,43
,24-Aug-2019 04:15:00,T5.HIKA.PFE 1,G4,1000.0,1000.0,1000.0,5090,5091,5090,1000.0,1000.0,1000.0,0.0,1.0,0.0,11,13,11,992.0,993.0,992.0,0.0,0.0,0.0,NO DATA,NO DATA,NO DATA
,24-Aug-2019 04:15:00,T5.HIKA.PFE 1.Converter1,G4,1000.0,1000.0,1000.0,1000,1002,1001,NO DATA,NO DATA,NO DATA,NO DATA,NO DATA,NO DATA,NO DATA,NO DATA,NO DATA,NO DATA,NO DATA,NO DATA,NO DATA,NO DATA,NO DATA,42,45,43
,24-Aug-2019 04:15:00,T5.HIKA.PFE 1.Converter2,G4,999.0,1000.0,999.0,1089,1091,1089,NO DATA,NO DATA,NO DATA,NO DATA,NO DATA,NO DATA,NO DATA,NO DATA,NO DATA,NO DATA,NO DATA,NO DATA,NO DATA,NO DATA,NO DATA,42,45,43
,24-Aug-2019 04:15:00,T5.HIKA.PFE 1.Converter3,G4,999.0,1000.0,999.0,1067,1071,1068,NO DATA,NO DATA,NO DATA,NO DATA,NO DATA,NO DATA,NO DATA,NO DATA,NO DATA,NO DATA,NO DATA,NO DATA,NO DATA,NO DATA,NO DATA,42,45,43
,24-Aug-2019 04:15:00,T5.HIKA.PFE 1.Converter4,G4,999.0,1000.0,999.0,1002,1007,1004,NO DATA,NO DATA,NO DATA,NO DATA,NO DATA,NO DATA,NO DATA,NO DATA,NO DATA,NO DATA,NO DATA,NO DATA,NO DATA,NO DATA,NO DATA,42,45,43
,24-Aug-2019 04:15:00,T5.HIKA.PFE 1.Converter5,G4,999.0,1000.0,999.0,1001,1002,1001,NO DATA,NO DATA,NO DATA,NO DATA,NO DATA,NO DATA,NO DATA,NO DATA,NO DATA,NO DATA,NO DATA,NO DATA,NO DATA,NO DATA,NO DATA,42,45,43
,24-Aug-2019 04:30:00,B1.ASGO.PFE 1,G3,999.0,1001.0,999.0,483,485,483,996.0,1002.0,999.0,NO DATA,NO DATA,1.0,NO DATA,NO DATA,12,NO DATA,NO DATA,NO DATA,NO DATA,NO DATA,NO DATA,NO DATA,NO DATA,NO DATA
,24-Aug-2019 04:30:00,B1.ASGO.PFE 1.Converter1,G3,999.0,1000.0,999.0,270,271,270,NO DATA,NO DATA,NO DATA,NO DATA,NO DATA,NO DATA,NO DATA,NO DATA,NO DATA,NO DATA,NO DATA,NO DATA,NO DATA,NO DATA,NO DATA,26,27,26
,24-Aug-2019 04:30:00,B1.ASGO.PFE 1.Converter2,G3,999.0,1001.0,1000.0,265,267,266,NO DATA,NO DATA,NO DATA,NO DATA,NO DATA,NO DATA,NO DATA,NO DATA,NO DATA,NO DATA,NO DATA,NO DATA,NO DATA,NO DATA,NO DATA,35,38,36
,24-Aug-2019 04:30:00,T2.NZMA.PFE 1,G4,1000.0,1001.0,1000.0,5117,5118,5117,1000.0,1001.0,1000.0,0.0,1.0,0.0,12,13,12,991.0,992.0,991.0,0.0,0.0,0.0,NO DATA,NO DATA,NO DATA
,24-Aug-2019 04:30:00,T2.NZMA.PFE 1.Converter1,G4,999.0,1000.0,999.0,1041,1045,1043,NO DATA,NO DATA,NO DATA,NO DATA,NO DATA,NO DATA,NO DATA,NO DATA,NO DATA,NO DATA,NO DATA,NO DATA,NO DATA,NO DATA,NO DATA,42,45,43
,24-Aug-2019 04:30:00,T2.NZMA.PFE 1.Converter2,G4,999.0,1000.0,999.0,1052,1053,1052,NO DATA,NO DATA,NO DATA,NO DATA,NO DATA,NO DATA,NO DATA,NO DATA,NO DATA,NO DATA,NO DATA,NO DATA,NO DATA,NO DATA,NO DATA,42,44,43
,24-Aug-2019 04:30:00,T2.NZMA.PFE 1.Converter3,G4,1000.0,1001.0,1000.0,1024,1028,1026,NO DATA,NO DATA,NO DATA,NO DATA,NO DATA,NO DATA,NO DATA,NO DATA,NO DATA,NO DATA,NO DATA,NO DATA,NO DATA,NO DATA,NO DATA,42,45,43
,24-Aug-2019 04:30:00,T2.NZMA.PFE 1.Converter4,G4,1000.0,1001.0,1000.0,999,1001,999,NO DATA,NO DATA,NO DATA,NO DATA,NO DATA,NO DATA,NO DATA,NO DATA,NO DATA,NO DATA,NO DATA,NO DATA,NO DATA,NO DATA,NO DATA,42,45,43
,24-Aug-2019 04:30:00,T2.NZMA.PFE 1.Converter5,G4,999.0,1000.0,999.0,1070,1073,1071,NO DATA,NO DATA,NO DATA,NO DATA,NO DATA,NO DATA,NO DATA,NO DATA,NO DATA,NO DATA,NO DATA,NO DATA,NO DATA,NO DATA,NO DATA,42,45,43
,24-Aug-2019 04:30:00,T3.AUSY.PFE 1,G3,999.0,1001.0,999.0,2504,2506,2504,992.0,1004.0,998.0,NO DATA,NO DATA,1.0,NO DATA,NO DATA,13,NO DATA,NO DATA,NO DATA,NO DATA,NO DATA,NO DATA,NO DATA,NO DATA,NO DATA
,24-Aug-2019 04:30:00,T3.AUSY.PFE 1.Converter1,G3,999.0,1000.0,999.0,1259,1261,1260,NO DATA,NO DATA,NO DATA,NO DATA,NO DATA,NO DATA,NO DATA,NO DATA,NO DATA,NO DATA,NO DATA,NO DATA,NO DATA,NO DATA,NO DATA,39,42,40
,24-Aug-2019 04:30:00,T3.AUSY.PFE 1.Converter2,G3,999.0,1000.0,999.0,1294,1296,1295,NO DATA,NO DATA,NO DATA,NO DATA,NO DATA,NO DATA,NO DATA,NO DATA,NO DATA,NO DATA,NO DATA,NO DATA,NO DATA,NO DATA,NO DATA,37,38,37
,24-Aug-2019 04:30:00,T4.USPA.PFE 1,G4,998.0,1000.0,998.0,5263,5265,5264,998.0,1000.0,998.0,1.0,2.0,1.0,72,95,83,956.0,957.0,956.0,0.0,0.0,0.0,NO DATA,NO DATA,NO DATA
,24-Aug-2019 04:30:00,T4.USPA.PFE 1.Converter1,G4,998.0,999.0,998.0,1772,1774,1772,NO DATA,NO DATA,NO DATA,NO DATA,NO DATA,NO DATA,NO DATA,NO DATA,NO DATA,NO DATA,NO DATA,NO DATA,NO DATA,NO DATA,NO DATA,42,44,43
,24-Aug-2019 04:30:00,T4.USPA.PFE 1.Converter2,G4,997.0,999.0,998.0,1738,1741,1739,NO DATA,NO DATA,NO DATA,NO DATA,NO DATA,NO DATA,NO DATA,NO DATA,NO DATA,NO DATA,NO DATA,NO DATA,NO DATA,NO DATA,NO DATA,42,44,42
,24-Aug-2019 04:30:00,T4.USPA.PFE 1.Converter3,G4,997.0,998.0,997.0,1806,1808,1807,NO DATA,NO DATA,NO DATA,NO DATA,NO DATA,NO DATA,NO DATA,NO DATA,NO DATA,NO DATA,NO DATA,NO DATA,NO DATA,NO DATA,NO DATA,42,44,43
,24-Aug-2019 04:30:00,T5.HIKA.PFE 1,G4,1000.0,1000.0,1000.0,5091,5092,5091,1000.0,1000.0,1000.0,0.0,1.0,0.0,11,13,11,992.0,993.0,992.0,0.0,0.0,0.0,NO DATA,NO DATA,NO DATA
,24-Aug-2019 04:30:00,T5.HIKA.PFE 1.Converter1,G4,1000.0,1000.0,1000.0,1001,1002,1001,NO DATA,NO DATA,NO DATA,NO DATA,NO DATA,NO DATA,NO DATA,NO DATA,NO DATA,NO DATA,NO DATA,NO DATA,NO DATA,NO DATA,NO DATA,42,45,43
,24-Aug-2019 04:30:00,T5.HIKA.PFE 1.Converter2,G4,999.0,1000.0,999.0,1088,1090,1089,NO DATA,NO DATA,NO DATA,NO DATA,NO DATA,NO DATA,NO DATA,NO DATA,NO DATA,NO DATA,NO DATA,NO DATA,NO DATA,NO DATA,NO DATA,42,45,43
,24-Aug-2019 04:30:00,T5.HIKA.PFE 1.Converter3,G4,999.0,1000.0,999.0,1067,1072,1068,NO DATA,NO DATA,NO DATA,NO DATA,NO DATA,NO DATA,NO DATA,NO DATA,NO DATA,NO DATA,NO DATA,NO DATA,NO DATA,NO DATA,NO DATA,42,45,43
,24-Aug-2019 04:30:00,T5.HIKA.PFE 1.Converter4,G4,999.0,1000.0,999.0,1003,1007,1005,NO DATA,NO DATA,NO DATA,NO DATA,NO DATA,NO DATA,NO DATA,NO DATA,NO DATA,NO DATA,NO DATA,NO DATA,NO DATA,NO DATA,NO DATA,42,45,43
,24-Aug-2019 04:30:00,T5.HIKA.PFE 1.Converter5,G4,999.0,1000.0,999.0,1001,1002,1001,NO DATA,NO DATA,NO DATA,NO DATA,NO DATA,NO DATA,NO DATA,NO DATA,NO DATA,NO DATA,NO DATA,NO DATA,NO DATA,NO DATA,NO DATA,42,45,43
,24-Aug-2019 04:45:00,B1.ASGO.PFE 1,G3,999.0,1001.0,999.0,483,485,483,996.0,1003.0,999.0,NO DATA,NO DATA,1.0,NO DATA,NO DATA,12,NO DATA,NO DATA,NO DATA,NO DATA,NO DATA,NO DATA,NO DATA,NO DATA,NO DATA
,24-Aug-2019 04:45:00,B1.ASGO.PFE 1.Converter1,G3,999.0,1000.0,999.0,270,271,270,NO DATA,NO DATA,NO DATA,NO DATA,NO DATA,NO DATA,NO DATA,NO DATA,NO DATA,NO DATA,NO DATA,NO DATA,NO DATA,NO DATA,NO DATA,26,27,26
,24-Aug-2019 04:45:00,B1.ASGO.PFE 1.Converter2,G3,999.0,1001.0,1000.0,265,267,266,NO DATA,NO DATA,NO DATA,NO DATA,NO DATA,NO DATA,NO DATA,NO DATA,NO DATA,NO DATA,NO DATA,NO DATA,NO DATA,NO DATA,NO DATA,35,38,36
,24-Aug-2019 04:45:00,T2.NZMA.PFE 1,G4,1000.0,1001.0,1000.0,5116,5117,5116,1000.0,1001.0,1000.0,0.0,1.0,0.0,12,13,12,990.0,992.0,991.0,0.0,0.0,0.0,NO DATA,NO DATA,NO DATA
,24-Aug-2019 04:45:00,T2.NZMA.PFE 1.Converter1,G4,999.0,1000.0,999.0,1041,1045,1043,NO DATA,NO DATA,NO DATA,NO DATA,NO DATA,NO DATA,NO DATA,NO DATA,NO DATA,NO DATA,NO DATA,NO DATA,NO DATA,NO DATA,NO DATA,42,45,43
,24-Aug-2019 04:45:00,T2.NZMA.PFE 1.Converter2,G4,999.0,1000.0,999.0,1052,1053,1052,NO DATA,NO DATA,NO DATA,NO DATA,NO DATA,NO DATA,NO DATA,NO DATA,NO DATA,NO DATA,NO DATA,NO DATA,NO DATA,NO DATA,NO DATA,42,45,43
,24-Aug-2019 04:45:00,T2.NZMA.PFE 1.Converter3,G4,1000.0,1001.0,1000.0,1023,1027,1025,NO DATA,NO DATA,NO DATA,NO DATA,NO DATA,NO DATA,NO DATA,NO DATA,NO DATA,NO DATA,NO DATA,NO DATA,NO DATA,NO DATA,NO DATA,42,44,43
,24-Aug-2019 04:45:00,T2.NZMA.PFE 1.Converter4,G4,1000.0,1001.0,1000.0,999,1000,999,NO DATA,NO DATA,NO DATA,NO DATA,NO DATA,NO DATA,NO DATA,NO DATA,NO DATA,NO DATA,NO DATA,NO DATA,NO DATA,NO DATA,NO DATA,42,44,43
,24-Aug-2019 04:45:00,T2.NZMA.PFE 1.Converter5,G4,999.0,1000.0,999.0,1070,1072,1070,NO DATA,NO DATA,NO DATA,NO DATA,NO DATA,NO DATA,NO DATA,NO DATA,NO DATA,NO DATA,NO DATA,NO DATA,NO DATA,NO DATA,NO DATA,42,45,43
,24-Aug-2019 04:45:00,T3.AUSY.PFE 1,G3,999.0,1001.0,999.0,2503,2505,2504,994.0,1004.0,998.0,NO DATA,NO DATA,1.0,NO DATA,NO DATA,13,NO DATA,NO DATA,NO DATA,NO DATA,NO DATA,NO DATA,NO DATA,NO DATA,NO DATA
,24-Aug-2019 04:45:00,T3.AUSY.PFE 1.Converter1,G3,999.0,1000.0,999.0,1260,1261,1260,NO DATA,NO DATA,NO DATA,NO DATA,NO DATA,NO DATA,NO DATA,NO DATA,NO DATA,NO DATA,NO DATA,NO DATA,NO DATA,NO DATA,NO DATA,39,42,41
,24-Aug-2019 04:45:00,T3.AUSY.PFE 1.Converter2,G3,999.0,1000.0,999.0,1294,1296,1294,NO DATA,NO DATA,NO DATA,NO DATA,NO DATA,NO DATA,NO DATA,NO DATA,NO DATA,NO DATA,NO DATA,NO DATA,NO DATA,NO DATA,NO DATA,37,38,37
,24-Aug-2019 04:45:00,T4.USPA.PFE 1,G4,998.0,1000.0,998.0,5264,5265,5264,998.0,1000.0,998.0,1.0,2.0,1.0,72,95,84,956.0,958.0,956.0,0.0,0.0,0.0,NO DATA,NO DATA,NO DATA
,24-Aug-2019 04:45:00,T4.USPA.PFE 1.Converter1,G4,997.0,999.0,998.0,1772,1774,1773,NO DATA,NO DATA,NO DATA,NO DATA,NO DATA,NO DATA,NO DATA,NO DATA,NO DATA,NO DATA,NO DATA,NO DATA,NO DATA,NO DATA,NO DATA,42,45,43
,24-Aug-2019 04:45:00,T4.USPA.PFE 1.Converter2,G4,997.0,999.0,998.0,1738,1741,1739,NO DATA,NO DATA,NO DATA,NO DATA,NO DATA,NO DATA,NO DATA,NO DATA,NO DATA,NO DATA,NO DATA,NO DATA,NO DATA,NO DATA,NO DATA,42,44,42
,24-Aug-2019 04:45:00,T4.USPA.PFE 1.Converter3,G4,997.0,998.0,997.0,1806,1808,1807,NO DATA,NO DATA,NO DATA,NO DATA,NO DATA,NO DATA,NO DATA,NO DATA,NO DATA,NO DATA,NO DATA,NO DATA,NO DATA,NO DATA,NO DATA,42,45,43
,24-Aug-2019 04:45:00,T5.HIKA.PFE 1,G4,1000.0,1000.0,1000.0,5089,5091,5090,1000.0,1000.0,1000.0,0.0,1.0,0.0,11,13,11,992.0,993.0,992.0,0.0,0.0,0.0,NO DATA,NO DATA,NO DATA
,24-Aug-2019 04:45:00,T5.HIKA.PFE 1.Converter1,G4,1000.0,1000.0,1000.0,1000,1002,1001,NO DATA,NO DATA,NO DATA,NO DATA,NO DATA,NO DATA,NO DATA,NO DATA,NO DATA,NO DATA,NO DATA,NO DATA,NO DATA,NO DATA,NO DATA,42,44,43
,24-Aug-2019 04:45:00,T5.HIKA.PFE 1.Converter2,G4,999.0,1000.0,999.0,1089,1091,1089,NO DATA,NO DATA,NO DATA,NO DATA,NO DATA,NO DATA,NO DATA,NO DATA,NO DATA,NO DATA,NO DATA,NO DATA,NO DATA,NO DATA,NO DATA,42,44,43
,24-Aug-2019 04:45:00,T5.HIKA.PFE 1.Converter3,G4,999.0,1000.0,999.0,1067,1071,1068,NO DATA,NO DATA,NO DATA,NO DATA,NO DATA,NO DATA,NO DATA,NO DATA,NO DATA,NO DATA,NO DATA,NO DATA,NO DATA,NO DATA,NO DATA,42,45,43
,24-Aug-2019 04:45:00,T5.HIKA.PFE 1.Converter4,G4,999.0,1000.0,999.0,1002,1007,1005,NO DATA,NO DATA,NO DATA,NO DATA,NO DATA,NO DATA,NO DATA,NO DATA,NO DATA,NO DATA,NO DATA,NO DATA,NO DATA,NO DATA,NO DATA,42,45,43
,24-Aug-2019 04:45:00,T5.HIKA.PFE 1.Converter5,G4,999.0,1000.0,999.0,1001,1002,1001,NO DATA,NO DATA,NO DATA,NO DATA,NO DATA,NO DATA,NO DATA,NO DATA,NO DATA,NO DATA,NO DATA,NO DATA,NO DATA,NO DATA,NO DATA,42,45,43
,24-Aug-2019 05:00:00,B1.ASGO.PFE 1,G3,999.0,1001.0,999.0,483,484,483,996.0,1002.0,999.0,NO DATA,NO DATA,1.0,NO DATA,NO DATA,12,NO DATA,NO DATA,NO DATA,NO DATA,NO DATA,NO DATA,NO DATA,NO DATA,NO DATA
,24-Aug-2019 05:00:00,B1.ASGO.PFE 1.Converter1,G3,999.0,1000.0,999.0,270,271,270,NO DATA,NO DATA,NO DATA,NO DATA,NO DATA,NO DATA,NO DATA,NO DATA,NO DATA,NO DATA,NO DATA,NO DATA,NO DATA,NO DATA,NO DATA,26,27,26
,24-Aug-2019 05:00:00,B1.ASGO.PFE 1.Converter2,G3,999.0,1001.0,1000.0,265,267,265,NO DATA,NO DATA,NO DATA,NO DATA,NO DATA,NO DATA,NO DATA,NO DATA,NO DATA,NO DATA,NO DATA,NO DATA,NO DATA,NO DATA,NO DATA,35,38,36
,24-Aug-2019 05:00:00,T2.NZMA.PFE 1,G4,1000.0,1001.0,1000.0,5116,5117,5116,1000.0,1001.0,1000.0,0.0,1.0,0.0,12,12,12,990.0,992.0,991.0,0.0,0.0,0.0,NO DATA,NO DATA,NO DATA
,24-Aug-2019 05:00:00,T2.NZMA.PFE 1.Converter1,G4,999.0,1000.0,999.0,1042,1045,1043,NO DATA,NO DATA,NO DATA,NO DATA,NO DATA,NO DATA,NO DATA,NO DATA,NO DATA,NO DATA,NO DATA,NO DATA,NO DATA,NO DATA,NO DATA,43,45,43
,24-Aug-2019 05:00:00,T2.NZMA.PFE 1.Converter2,G4,999.0,1000.0,999.0,1052,1053,1052,NO DATA,NO DATA,NO DATA,NO DATA,NO DATA,NO DATA,NO DATA,NO DATA,NO DATA,NO DATA,NO DATA,NO DATA,NO DATA,NO DATA,NO DATA,42,45,43
,24-Aug-2019 05:00:00,T2.NZMA.PFE 1.Converter3,G4,1000.0,1001.0,1000.0,1024,1028,1025,NO DATA,NO DATA,NO DATA,NO DATA,NO DATA,NO DATA,NO DATA,NO DATA,NO DATA,NO DATA,NO DATA,NO DATA,NO DATA,NO DATA,NO DATA,42,45,43
,24-Aug-2019 05:00:00,T2.NZMA.PFE 1.Converter4,G4,1000.0,1001.0,1000.0,999,1000,999,NO DATA,NO DATA,NO DATA,NO DATA,NO DATA,NO DATA,NO DATA,NO DATA,NO DATA,NO DATA,NO DATA,NO DATA,NO DATA,NO DATA,NO DATA,42,45,43
,24-Aug-2019 05:00:00,T2.NZMA.PFE 1.Converter5,G4,999.0,1000.0,999.0,1070,1072,1070,NO DATA,NO DATA,NO DATA,NO DATA,NO DATA,NO DATA,NO DATA,NO DATA,NO DATA,NO DATA,NO DATA,NO DATA,NO DATA,NO DATA,NO DATA,42,45,43
,24-Aug-2019 05:00:00,T3.AUSY.PFE 1,G3,999.0,1001.0,999.0,2503,2505,2503,994.0,1004.0,998.0,NO DATA,NO DATA,1.0,NO DATA,NO DATA,13,NO DATA,NO DATA,NO DATA,NO DATA,NO DATA,NO DATA,NO DATA,NO DATA,NO DATA
,24-Aug-2019 05:00:00,T3.AUSY.PFE 1.Converter1,G3,999.0,1000.0,999.0,1259,1261,1260,NO DATA,NO DATA,NO DATA,NO DATA,NO DATA,NO DATA,NO DATA,NO DATA,NO DATA,NO DATA,NO DATA,NO DATA,NO DATA,NO DATA,NO DATA,40,42,41
,24-Aug-2019 05:00:00,T3.AUSY.PFE 1.Converter2,G3,998.0,1000.0,999.0,1294,1296,1294,NO DATA,NO DATA,NO DATA,NO DATA,NO DATA,NO DATA,NO DATA,NO DATA,NO DATA,NO DATA,NO DATA,NO DATA,NO DATA,NO DATA,NO DATA,37,38,37
,24-Aug-2019 05:00:00,T4.USPA.PFE 1,G4,998.0,1000.0,998.0,5263,5265,5264,998.0,1000.0,998.0,1.0,2.0,1.0,72,95,83,956.0,958.0,956.0,0.0,0.0,0.0,NO DATA,NO DATA,NO DATA
,24-Aug-2019 05:00:00,T4.USPA.PFE 1.Converter1,G4,998.0,999.0,998.0,1772,1774,1772,NO DATA,NO DATA,NO DATA,NO DATA,NO DATA,NO DATA,NO DATA,NO DATA,NO DATA,NO DATA,NO DATA,NO DATA,NO DATA,NO DATA,NO DATA,42,45,43
,24-Aug-2019 05:00:00,T4.USPA.PFE 1.Converter2,G4,997.0,999.0,998.0,1738,1741,1738,NO DATA,NO DATA,NO DATA,NO DATA,NO DATA,NO DATA,NO DATA,NO DATA,NO DATA,NO DATA,NO DATA,NO DATA,NO DATA,NO DATA,NO DATA,42,44,43
,24-Aug-2019 05:00:00,T4.USPA.PFE 1.Converter3,G4,997.0,998.0,997.0,1806,1808,1807,NO DATA,NO DATA,NO DATA,NO DATA,NO DATA,NO DATA,NO DATA,NO DATA,NO DATA,NO DATA,NO DATA,NO DATA,NO DATA,NO DATA,NO DATA,42,44,43
,24-Aug-2019 05:00:00,T5.HIKA.PFE 1,G4,1000.0,1000.0,1000.0,5088,5089,5088,1000.0,1000.0,1000.0,0.0,1.0,0.0,11,13,11,992.0,993.0,992.0,0.0,0.0,0.0,NO DATA,NO DATA,NO DATA
,24-Aug-2019 05:00:00,T5.HIKA.PFE 1.Converter1,G4,1000.0,1000.0,1000.0,1000,1002,1001,NO DATA,NO DATA,NO DATA,NO DATA,NO DATA,NO DATA,NO DATA,NO DATA,NO DATA,NO DATA,NO DATA,NO DATA,NO DATA,NO DATA,NO DATA,42,45,43
,24-Aug-2019 05:00:00,T5.HIKA.PFE 1.Converter2,G4,999.0,1000.0,999.0,1088,1090,1089,NO DATA,NO DATA,NO DATA,NO DATA,NO DATA,NO DATA,NO DATA,NO DATA,NO DATA,NO DATA,NO DATA,NO DATA,NO DATA,NO DATA,NO DATA,42,44,43
,24-Aug-2019 05:00:00,T5.HIKA.PFE 1.Converter3,G4,999.0,1000.0,999.0,1067,1071,1067,NO DATA,NO DATA,NO DATA,NO DATA,NO DATA,NO DATA,NO DATA,NO DATA,NO DATA,NO DATA,NO DATA,NO DATA,NO DATA,NO DATA,NO DATA,42,45,43
,24-Aug-2019 05:00:00,T5.HIKA.PFE 1.Converter4,G4,999.0,1000.0,999.0,1002,1006,1004,NO DATA,NO DATA,NO DATA,NO DATA,NO DATA,NO DATA,NO DATA,NO DATA,NO DATA,NO DATA,NO DATA,NO DATA,NO DATA,NO DATA,NO DATA,42,45,43
,24-Aug-2019 05:00:00,T5.HIKA.PFE 1.Converter5,G4,999.0,1000.0,999.0,1000,1002,1001,NO DATA,NO DATA,NO DATA,NO DATA,NO DATA,NO DATA,NO DATA,NO DATA,NO DATA,NO DATA,NO DATA,NO DATA,NO DATA,NO DATA,NO DATA,43,45,43
,24-Aug-2019 05:15:00,B1.ASGO.PFE 1,G3,999.0,1001.0,1000.0,483,484,483,996.0,1002.0,999.0,NO DATA,NO DATA,1.0,NO DATA,NO DATA,12,NO DATA,NO DATA,NO DATA,NO DATA,NO DATA,NO DATA,NO DATA,NO DATA,NO DATA
,24-Aug-2019 05:15:00,B1.ASGO.PFE 1.Converter1,G3,999.0,1000.0,999.0,270,271,270,NO DATA,NO DATA,NO DATA,NO DATA,NO DATA,NO DATA,NO DATA,NO DATA,NO DATA,NO DATA,NO DATA,NO DATA,NO DATA,NO DATA,NO DATA,27,29,27
,24-Aug-2019 05:15:00,B1.ASGO.PFE 1.Converter2,G3,999.0,1001.0,1000.0,265,266,265,NO DATA,NO DATA,NO DATA,NO DATA,NO DATA,NO DATA,NO DATA,NO DATA,NO DATA,NO DATA,NO DATA,NO DATA,NO DATA,NO DATA,NO DATA,36,39,37
,24-Aug-2019 05:15:00,T2.NZMA.PFE 1,G4,1000.0,1001.0,1000.0,5115,5117,5115,1000.0,1001.0,1000.0,0.0,1.0,0.0,12,13,12,990.0,992.0,991.0,0.0,0.0,0.0,NO DATA,NO DATA,NO DATA
,24-Aug-2019 05:15:00,T2.NZMA.PFE 1.Converter1,G4,999.0,1000.0,999.0,1041,1045,1043,NO DATA,NO DATA,NO DATA,NO DATA,NO DATA,NO DATA,NO DATA,NO DATA,NO DATA,NO DATA,NO DATA,NO DATA,NO DATA,NO DATA,NO DATA,42,45,43
,24-Aug-2019 05:15:00,T2.NZMA.PFE 1.Converter2,G4,999.0,1000.0,999.0,1052,1053,1052,NO DATA,NO DATA,NO DATA,NO DATA,NO DATA,NO DATA,NO DATA,NO DATA,NO DATA,NO DATA,NO DATA,NO DATA,NO DATA,NO DATA,NO DATA,42,44,43
,24-Aug-2019 05:15:00,T2.NZMA.PFE 1.Converter3,G4,1000.0,1001.0,1000.0,1023,1027,1025,NO DATA,NO DATA,NO DATA,NO DATA,NO DATA,NO DATA,NO DATA,NO DATA,NO DATA,NO DATA,NO DATA,NO DATA,NO DATA,NO DATA,NO DATA,42,44,43
,24-Aug-2019 05:15:00,T2.NZMA.PFE 1.Converter4,G4,1000.0,1001.0,1000.0,999,1000,999,NO DATA,NO DATA,NO DATA,NO DATA,NO DATA,NO DATA,NO DATA,NO DATA,NO DATA,NO DATA,NO DATA,NO DATA,NO DATA,NO DATA,NO DATA,42,44,43
,24-Aug-2019 05:15:00,T2.NZMA.PFE 1.Converter5,G4,999.0,1000.0,999.0,1070,1071,1070,NO DATA,NO DATA,NO DATA,NO DATA,NO DATA,NO DATA,NO DATA,NO DATA,NO DATA,NO DATA,NO DATA,NO DATA,NO DATA,NO DATA,NO DATA,42,44,43
,24-Aug-2019 05:15:00,T3.AUSY.PFE 1,G3,999.0,1001.0,999.0,2503,2504,2503,992.0,1003.0,998.0,NO DATA,NO DATA,1.0,NO DATA,NO DATA,13,NO DATA,NO DATA,NO DATA,NO DATA,NO DATA,NO DATA,NO DATA,NO DATA,NO DATA
,24-Aug-2019 05:15:00,T3.AUSY.PFE 1.Converter1,G3,999.0,1000.0,999.0,1259,1261,1260,NO DATA,NO DATA,NO DATA,NO DATA,NO DATA,NO DATA,NO DATA,NO DATA,NO DATA,NO DATA,NO DATA,NO DATA,NO DATA,NO DATA,NO DATA,39,42,41
,24-Aug-2019 05:15:00,T3.AUSY.PFE 1.Converter2,G3,999.0,1000.0,999.0,1294,1296,1294,NO DATA,NO DATA,NO DATA,NO DATA,NO DATA,NO DATA,NO DATA,NO DATA,NO DATA,NO DATA,NO DATA,NO DATA,NO DATA,NO DATA,NO DATA,37,38,37
,24-Aug-2019 05:15:00,T4.USPA.PFE 1,G4,998.0,1000.0,998.0,5263,5265,5264,998.0,1000.0,998.0,1.0,2.0,1.0,72,95,84,956.0,958.0,956.0,0.0,0.0,0.0,NO DATA,NO DATA,NO DATA
,24-Aug-2019 05:15:00,T4.USPA.PFE 1.Converter1,G4,997.0,999.0,998.0,1772,1774,1772,NO DATA,NO DATA,NO DATA,NO DATA,NO DATA,NO DATA,NO DATA,NO DATA,NO DATA,NO DATA,NO DATA,NO DATA,NO DATA,NO DATA,NO DATA,42,44,42
,24-Aug-2019 05:15:00,T4.USPA.PFE 1.Converter2,G4,997.0,999.0,998.0,1738,1741,1739,NO DATA,NO DATA,NO DATA,NO DATA,NO DATA,NO DATA,NO DATA,NO DATA,NO DATA,NO DATA,NO DATA,NO DATA,NO DATA,NO DATA,NO DATA,42,44,43
,24-Aug-2019 05:15:00,T4.USPA.PFE 1.Converter3,G4,997.0,999.0,997.0,1805,1808,1807,NO DATA,NO DATA,NO DATA,NO DATA,NO DATA,NO DATA,NO DATA,NO DATA,NO DATA,NO DATA,NO DATA,NO DATA,NO DATA,NO DATA,NO DATA,42,45,43
,24-Aug-2019 05:15:00,T5.HIKA.PFE 1,G4,1000.0,1000.0,1000.0,5088,5089,5088,1000.0,1000.0,1000.0,0.0,1.0,0.0,11,13,11,992.0,993.0,992.0,0.0,0.0,0.0,NO DATA,NO DATA,NO DATA
,24-Aug-2019 05:15:00,T5.HIKA.PFE 1.Converter1,G4,1000.0,1000.0,1000.0,1000,1002,1001,NO DATA,NO DATA,NO DATA,NO DATA,NO DATA,NO DATA,NO DATA,NO DATA,NO DATA,NO DATA,NO DATA,NO DATA,NO DATA,NO DATA,NO DATA,42,45,43
,24-Aug-2019 05:15:00,T5.HIKA.PFE 1.Converter2,G4,999.0,1000.0,999.0,1088,1091,1089,NO DATA,NO DATA,NO DATA,NO DATA,NO DATA,NO DATA,NO DATA,NO DATA,NO DATA,NO DATA,NO DATA,NO DATA,NO DATA,NO DATA,NO DATA,43,44,43
,24-Aug-2019 05:15:00,T5.HIKA.PFE 1.Converter3,G4,999.0,1000.0,999.0,1067,1070,1067,NO DATA,NO DATA,NO DATA,NO DATA,NO DATA,NO DATA,NO DATA,NO DATA,NO DATA,NO DATA,NO DATA,NO DATA,NO DATA,NO DATA,NO DATA,42,44,43
,24-Aug-2019 05:15:00,T5.HIKA.PFE 1.Converter4,G4,999.0,1000.0,999.0,1002,1006,1004,NO DATA,NO DATA,NO DATA,NO DATA,NO DATA,NO DATA,NO DATA,NO DATA,NO DATA,NO DATA,NO DATA,NO DATA,NO DATA,NO DATA,NO DATA,42,45,43
,24-Aug-2019 05:15:00,T5.HIKA.PFE 1.Converter5,G4,999.0,1000.0,999.0,1001,1002,1001,NO DATA,NO DATA,NO DATA,NO DATA,NO DATA,NO DATA,NO DATA,NO DATA,NO DATA,NO DATA,NO DATA,NO DATA,NO DATA,NO DATA,NO DATA,42,45,43
,24-Aug-2019 05:30:00,B1.ASGO.PFE 1,G3,999.0,1001.0,999.0,483,485,483,997.0,1003.0,999.0,NO DATA,NO DATA,1.0,NO DATA,NO DATA,12,NO DATA,NO DATA,NO DATA,NO DATA,NO DATA,NO DATA,NO DATA,NO DATA,NO DATA
,24-Aug-2019 05:30:00,B1.ASGO.PFE 1.Converter1,G3,999.0,1000.0,999.0,270,271,270,NO DATA,NO DATA,NO DATA,NO DATA,NO DATA,NO DATA,NO DATA,NO DATA,NO DATA,NO DATA,NO DATA,NO DATA,NO DATA,NO DATA,NO DATA,28,30,28
,24-Aug-2019 05:30:00,B1.ASGO.PFE 1.Converter2,G3,999.0,1001.0,1000.0,265,266,265,NO DATA,NO DATA,NO DATA,NO DATA,NO DATA,NO DATA,NO DATA,NO DATA,NO DATA,NO DATA,NO DATA,NO DATA,NO DATA,NO DATA,NO DATA,36,39,37
,24-Aug-2019 05:30:00,T2.NZMA.PFE 1,G4,1000.0,1001.0,1000.0,5114,5116,5114,1000.0,1001.0,1000.0,0.0,1.0,0.0,12,12,12,990.0,992.0,991.0,0.0,0.0,0.0,NO DATA,NO DATA,NO DATA
,24-Aug-2019 05:30:00,T2.NZMA.PFE 1.Converter1,G4,999.0,1000.0,999.0,1041,1045,1043,NO DATA,NO DATA,NO DATA,NO DATA,NO DATA,NO DATA,NO DATA,NO DATA,NO DATA,NO DATA,NO DATA,NO DATA,NO DATA,NO DATA,NO DATA,42,45,43
,24-Aug-2019 05:30:00,T2.NZMA.PFE 1.Converter2,G4,999.0,1000.0,999.0,1052,1053,1052,NO DATA,NO DATA,NO DATA,NO DATA,NO DATA,NO DATA,NO DATA,NO DATA,NO DATA,NO DATA,NO DATA,NO DATA,NO DATA,NO DATA,NO DATA,42,44,43
,24-Aug-2019 05:30:00,T2.NZMA.PFE 1.Converter3,G4,1000.0,1001.0,1000.0,1023,1027,1024,NO DATA,NO DATA,NO DATA,NO DATA,NO DATA,NO DATA,NO DATA,NO DATA,NO DATA,NO DATA,NO DATA,NO DATA,NO DATA,NO DATA,NO DATA,42,45,43
,24-Aug-2019 05:30:00,T2.NZMA.PFE 1.Converter4,G4,1000.0,1001.0,1000.0,999,1000,999,NO DATA,NO DATA,NO DATA,NO DATA,NO DATA,NO DATA,NO DATA,NO DATA,NO DATA,NO DATA,NO DATA,NO DATA,NO DATA,NO DATA,NO DATA,42,45,43
,24-Aug-2019 05:30:00,T2.NZMA.PFE 1.Converter5,G4,999.0,1000.0,999.0,1070,1072,1070,NO DATA,NO DATA,NO DATA,NO DATA,NO DATA,NO DATA,NO DATA,NO DATA,NO DATA,NO DATA,NO DATA,NO DATA,NO DATA,NO DATA,NO DATA,42,44,43
,24-Aug-2019 05:30:00,T3.AUSY.PFE 1,G3,999.0,1001.0,1000.0,2502,2504,2503,994.0,1004.0,998.0,NO DATA,NO DATA,1.0,NO DATA,NO DATA,13,NO DATA,NO DATA,NO DATA,NO DATA,NO DATA,NO DATA,NO DATA,NO DATA,NO DATA
,24-Aug-2019 05:30:00,T3.AUSY.PFE 1.Converter1,G3,999.0,1001.0,999.0,1259,1261,1259,NO DATA,NO DATA,NO DATA,NO DATA,NO DATA,NO DATA,NO DATA,NO DATA,NO DATA,NO DATA,NO DATA,NO DATA,NO DATA,NO DATA,NO DATA,39,42,41
,24-Aug-2019 05:30:00,T3.AUSY.PFE 1.Converter2,G3,999.0,1000.0,999.0,1293,1295,1294,NO DATA,NO DATA,NO DATA,NO DATA,NO DATA,NO DATA,NO DATA,NO DATA,NO DATA,NO DATA,NO DATA,NO DATA,NO DATA,NO DATA,NO DATA,37,38,37
,24-Aug-2019 05:30:00,T4.USPA.PFE 1,G4,998.0,1000.0,998.0,5264,5266,5264,998.0,1000.0,998.0,1.0,2.0,1.0,72,95,84,956.0,958.0,956.0,0.0,0.0,0.0,NO DATA,NO DATA,NO DATA
,24-Aug-2019 05:30:00,T4.USPA.PFE 1.Converter1,G4,997.0,999.0,998.0,1772,1774,1773,NO DATA,NO DATA,NO DATA,NO DATA,NO DATA,NO DATA,NO DATA,NO DATA,NO DATA,NO DATA,NO DATA,NO DATA,NO DATA,NO DATA,NO DATA,42,44,43
,24-Aug-2019 05:30:00,T4.USPA.PFE 1.Converter2,G4,997.0,999.0,998.0,1738,1741,1739,NO DATA,NO DATA,NO DATA,NO DATA,NO DATA,NO DATA,NO DATA,NO DATA,NO DATA,NO DATA,NO DATA,NO DATA,NO DATA,NO DATA,NO DATA,42,43,42
,24-Aug-2019 05:30:00,T4.USPA.PFE 1.Converter3,G4,997.0,998.0,997.0,1806,1808,1807,NO DATA,NO DATA,NO DATA,NO DATA,NO DATA,NO DATA,NO DATA,NO DATA,NO DATA,NO DATA,NO DATA,NO DATA,NO DATA,NO DATA,NO DATA,42,45,43
,24-Aug-2019 05:30:00,T5.HIKA.PFE 1,G4,1000.0,1000.0,1000.0,5088,5090,5089,1000.0,1000.0,1000.0,0.0,1.0,0.0,11,13,11,992.0,993.0,992.0,0.0,0.0,0.0,NO DATA,NO DATA,NO DATA
,24-Aug-2019 05:30:00,T5.HIKA.PFE 1.Converter1,G4,1000.0,1000.0,1000.0,1000,1002,1001,NO DATA,NO DATA,NO DATA,NO DATA,NO DATA,NO DATA,NO DATA,NO DATA,NO DATA,NO DATA,NO DATA,NO DATA,NO DATA,NO DATA,NO DATA,42,44,43
,24-Aug-2019 05:30:00,T5.HIKA.PFE 1.Converter2,G4,999.0,1000.0,999.0,1087,1091,1089,NO DATA,NO DATA,NO DATA,NO DATA,NO DATA,NO DATA,NO DATA,NO DATA,NO DATA,NO DATA,NO DATA,NO DATA,NO DATA,NO DATA,NO DATA,42,44,43
,24-Aug-2019 05:30:00,T5.HIKA.PFE 1.Converter3,G4,999.0,1000.0,999.0,1067,1071,1067,NO DATA,NO DATA,NO DATA,NO DATA,NO DATA,NO DATA,NO DATA,NO DATA,NO DATA,NO DATA,NO DATA,NO DATA,NO DATA,NO DATA,NO DATA,42,45,43
,24-Aug-2019 05:30:00,T5.HIKA.PFE 1.Converter4,G4,999.0,1000.0,999.0,1002,1006,1004,NO DATA,NO DATA,NO DATA,NO DATA,NO DATA,NO DATA,NO DATA,NO DATA,NO DATA,NO DATA,NO DATA,NO DATA,NO DATA,NO DATA,NO DATA,42,45,43
,24-Aug-2019 05:30:00,T5.HIKA.PFE 1.Converter5,G4,999.0,1000.0,999.0,1001,1002,1001,NO DATA,NO DATA,NO DATA,NO DATA,NO DATA,NO DATA,NO DATA,NO DATA,NO DATA,NO DATA,NO DATA,NO DATA,NO DATA,NO DATA,NO DATA,42,45,43
,24-Aug-2019 05:45:00,B1.ASGO.PFE 1,G3,999.0,1001.0,999.0,483,485,483,997.0,1002.0,999.0,NO DATA,NO DATA,1.0,NO DATA,NO DATA,12,NO DATA,NO DATA,NO DATA,NO DATA,NO DATA,NO DATA,NO DATA,NO DATA,NO DATA
,24-Aug-2019 05:45:00,B1.ASGO.PFE 1.Converter1,G3,999.0,1000.0,999.0,270,271,270,NO DATA,NO DATA,NO DATA,NO DATA,NO DATA,NO DATA,NO DATA,NO DATA,NO DATA,NO DATA,NO DATA,NO DATA,NO DATA,NO DATA,NO DATA,29,30,29
,24-Aug-2019 05:45:00,B1.ASGO.PFE 1.Converter2,G3,999.0,1001.0,1000.0,265,267,265,NO DATA,NO DATA,NO DATA,NO DATA,NO DATA,NO DATA,NO DATA,NO DATA,NO DATA,NO DATA,NO DATA,NO DATA,NO DATA,NO DATA,NO DATA,37,39,38
,24-Aug-2019 05:45:00,T2.NZMA.PFE 1,G4,1000.0,1001.0,1000.0,5114,5115,5114,1000.0,1001.0,1000.0,0.0,1.0,0.0,12,13,12,990.0,992.0,991.0,0.0,0.0,0.0,NO DATA,NO DATA,NO DATA
,24-Aug-2019 05:45:00,T2.NZMA.PFE 1.Converter1,G4,999.0,1000.0,999.0,1041,1044,1041,NO DATA,NO DATA,NO DATA,NO DATA,NO DATA,NO DATA,NO DATA,NO DATA,NO DATA,NO DATA,NO DATA,NO DATA,NO DATA,NO DATA,NO DATA,42,45,43
,24-Aug-2019 05:45:00,T2.NZMA.PFE 1.Converter2,G4,999.0,1000.0,999.0,1052,1053,1052,NO DATA,NO DATA,NO DATA,NO DATA,NO DATA,NO DATA,NO DATA,NO DATA,NO DATA,NO DATA,NO DATA,NO DATA,NO DATA,NO DATA,NO DATA,42,44,43
,24-Aug-2019 05:45:00,T2.NZMA.PFE 1.Converter3,G4,1000.0,1001.0,1000.0,1023,1027,1024,NO DATA,NO DATA,NO DATA,NO DATA,NO DATA,NO DATA,NO DATA,NO DATA,NO DATA,NO DATA,NO DATA,NO DATA,NO DATA,NO DATA,NO DATA,42,44,43
,24-Aug-2019 05:45:00,T2.NZMA.PFE 1.Converter4,G4,1000.0,1001.0,1000.0,999,1000,999,NO DATA,NO DATA,NO DATA,NO DATA,NO DATA,NO DATA,NO DATA,NO DATA,NO DATA,NO DATA,NO DATA,NO DATA,NO DATA,NO DATA,NO DATA,42,44,43
,24-Aug-2019 05:45:00,T2.NZMA.PFE 1.Converter5,G4,999.0,1000.0,999.0,1070,1073,1070,NO DATA,NO DATA,NO DATA,NO DATA,NO DATA,NO DATA,NO DATA,NO DATA,NO DATA,NO DATA,NO DATA,NO DATA,NO DATA,NO DATA,NO DATA,42,45,43
,24-Aug-2019 05:45:00,T3.AUSY.PFE 1,G3,999.0,1001.0,1000.0,2502,2504,2502,994.0,1003.0,998.0,NO DATA,NO DATA,1.0,NO DATA,NO DATA,13,NO DATA,NO DATA,NO DATA,NO DATA,NO DATA,NO DATA,NO DATA,NO DATA,NO DATA
,24-Aug-2019 05:45:00,T3.AUSY.PFE 1.Converter1,G3,999.0,1000.0,999.0,1259,1260,1259,NO DATA,NO DATA,NO DATA,NO DATA,NO DATA,NO DATA,NO DATA,NO DATA,NO DATA,NO DATA,NO DATA,NO DATA,NO DATA,NO DATA,NO DATA,40,42,41
,24-Aug-2019 05:45:00,T3.AUSY.PFE 1.Converter2,G3,999.0,1000.0,999.0,1293,1295,1294,NO DATA,NO DATA,NO DATA,NO DATA,NO DATA,NO DATA,NO DATA,NO DATA,NO DATA,NO DATA,NO DATA,NO DATA,NO DATA,NO DATA,NO DATA,37,38,37
,24-Aug-2019 05:45:00,T4.USPA.PFE 1,G4,998.0,1000.0,998.0,5264,5266,5264,998.0,1000.0,998.0,1.0,2.0,1.0,72,95,83,956.0,958.0,956.0,0.0,0.0,0.0,NO DATA,NO DATA,NO DATA
,24-Aug-2019 05:45:00,T4.USPA.PFE 1.Converter1,G4,997.0,999.0,998.0,1772,1774,1773,NO DATA,NO DATA,NO DATA,NO DATA,NO DATA,NO DATA,NO DATA,NO DATA,NO DATA,NO DATA,NO DATA,NO DATA,NO DATA,NO DATA,NO DATA,42,44,43
,24-Aug-2019 05:45:00,T4.USPA.PFE 1.Converter2,G4,997.0,999.0,998.0,1738,1741,1739,NO DATA,NO DATA,NO DATA,NO DATA,NO DATA,NO DATA,NO DATA,NO DATA,NO DATA,NO DATA,NO DATA,NO DATA,NO DATA,NO DATA,NO DATA,42,44,43
,24-Aug-2019 05:45:00,T4.USPA.PFE 1.Converter3,G4,997.0,998.0,997.0,1806,1808,1807,NO DATA,NO DATA,NO DATA,NO DATA,NO DATA,NO DATA,NO DATA,NO DATA,NO DATA,NO DATA,NO DATA,NO DATA,NO DATA,NO DATA,NO DATA,42,45,43
,24-Aug-2019 05:45:00,T5.HIKA.PFE 1,G4,1000.0,1000.0,1000.0,5089,5090,5089,1000.0,1000.0,1000.0,0.0,1.0,0.0,11,13,11,992.0,993.0,992.0,0.0,0.0,0.0,NO DATA,NO DATA,NO DATA
,24-Aug-2019 05:45:00,T5.HIKA.PFE 1.Converter1,G4,1000.0,1000.0,1000.0,1001,1002,1001,NO DATA,NO DATA,NO DATA,NO DATA,NO DATA,NO DATA,NO DATA,NO DATA,NO DATA,NO DATA,NO DATA,NO DATA,NO DATA,NO DATA,NO DATA,42,45,43
,24-Aug-2019 05:45:00,T5.HIKA.PFE 1.Converter2,G4,999.0,1000.0,999.0,1088,1090,1089,NO DATA,NO DATA,NO DATA,NO DATA,NO DATA,NO DATA,NO DATA,NO DATA,NO DATA,NO DATA,NO DATA,NO DATA,NO DATA,NO DATA,NO DATA,43,45,43
,24-Aug-2019 05:45:00,T5.HIKA.PFE 1.Converter3,G4,999.0,1000.0,999.0,1067,1071,1068,NO DATA,NO DATA,NO DATA,NO DATA,NO DATA,NO DATA,NO DATA,NO DATA,NO DATA,NO DATA,NO DATA,NO DATA,NO DATA,NO DATA,NO DATA,42,45,43
,24-Aug-2019 05:45:00,T5.HIKA.PFE 1.Converter4,G4,999.0,1000.0,999.0,1002,1006,1004,NO DATA,NO DATA,NO DATA,NO DATA,NO DATA,NO DATA,NO DATA,NO DATA,NO DATA,NO DATA,NO DATA,NO DATA,NO DATA,NO DATA,NO DATA,42,45,43
,24-Aug-2019 05:45:00,T5.HIKA.PFE 1.Converter5,G4,999.0,1000.0,999.0,1001,1002,1001,NO DATA,NO DATA,NO DATA,NO DATA,NO DATA,NO DATA,NO DATA,NO DATA,NO DATA,NO DATA,NO DATA,NO DATA,NO DATA,NO DATA,NO DATA,42,45,43
,24-Aug-2019 06:00:00,B1.ASGO.PFE 1,G3,999.0,1001.0,999.0,483,485,483,997.0,1003.0,999.0,NO DATA,NO DATA,1.0,NO DATA,NO DATA,12,NO DATA,NO DATA,NO DATA,NO DATA,NO DATA,NO DATA,NO DATA,NO DATA,NO DATA
,24-Aug-2019 06:00:00,B1.ASGO.PFE 1.Converter1,G3,999.0,1000.0,999.0,270,271,270,NO DATA,NO DATA,NO DATA,NO DATA,NO DATA,NO DATA,NO DATA,NO DATA,NO DATA,NO DATA,NO DATA,NO DATA,NO DATA,NO DATA,NO DATA,29,30,29
,24-Aug-2019 06:00:00,B1.ASGO.PFE 1.Converter2,G3,999.0,1001.0,1000.0,265,267,265,NO DATA,NO DATA,NO DATA,NO DATA,NO DATA,NO DATA,NO DATA,NO DATA,NO DATA,NO DATA,NO DATA,NO DATA,NO DATA,NO DATA,NO DATA,37,39,38
,24-Aug-2019 06:00:00,T2.NZMA.PFE 1,G4,1000.0,1001.0,1000.0,5114,5115,5114,1000.0,1001.0,1000.0,0.0,1.0,0.0,12,13,12,990.0,992.0,991.0,0.0,0.0,0.0,NO DATA,NO DATA,NO DATA
,24-Aug-2019 06:00:00,T2.NZMA.PFE 1.Converter1,G4,999.0,1000.0,999.0,1041,1045,1042,NO DATA,NO DATA,NO DATA,NO DATA,NO DATA,NO DATA,NO DATA,NO DATA,NO DATA,NO DATA,NO DATA,NO DATA,NO DATA,NO DATA,NO DATA,42,45,43
,24-Aug-2019 06:00:00,T2.NZMA.PFE 1.Converter2,G4,999.0,1000.0,999.0,1052,1053,1052,NO DATA,NO DATA,NO DATA,NO DATA,NO DATA,NO DATA,NO DATA,NO DATA,NO DATA,NO DATA,NO DATA,NO DATA,NO DATA,NO DATA,NO DATA,42,44,43
,24-Aug-2019 06:00:00,T2.NZMA.PFE 1.Converter3,G4,1000.0,1001.0,1000.0,1023,1027,1024,NO DATA,NO DATA,NO DATA,NO DATA,NO DATA,NO DATA,NO DATA,NO DATA,NO DATA,NO DATA,NO DATA,NO DATA,NO DATA,NO DATA,NO DATA,42,45,43
,24-Aug-2019 06:00:00,T2.NZMA.PFE 1.Converter4,G4,1000.0,1001.0,1000.0,999,1000,999,NO DATA,NO DATA,NO DATA,NO DATA,NO DATA,NO DATA,NO DATA,NO DATA,NO DATA,NO DATA,NO DATA,NO DATA,NO DATA,NO DATA,NO DATA,42,44,43
,24-Aug-2019 06:00:00,T2.NZMA.PFE 1.Converter5,G4,999.0,1000.0,999.0,1070,1072,1070,NO DATA,NO DATA,NO DATA,NO DATA,NO DATA,NO DATA,NO DATA,NO DATA,NO DATA,NO DATA,NO DATA,NO DATA,NO DATA,NO DATA,NO DATA,42,44,43
,24-Aug-2019 06:00:00,T3.AUSY.PFE 1,G3,999.0,1001.0,1000.0,2502,2503,2502,994.0,1003.0,998.0,NO DATA,NO DATA,1.0,NO DATA,NO DATA,13,NO DATA,NO DATA,NO DATA,NO DATA,NO DATA,NO DATA,NO DATA,NO DATA,NO DATA
,24-Aug-2019 06:00:00,T3.AUSY.PFE 1.Converter1,G3,999.0,1000.0,999.0,1259,1260,1259,NO DATA,NO DATA,NO DATA,NO DATA,NO DATA,NO DATA,NO DATA,NO DATA,NO DATA,NO DATA,NO DATA,NO DATA,NO DATA,NO DATA,NO DATA,39,42,41
,24-Aug-2019 06:00:00,T3.AUSY.PFE 1.Converter2,G3,999.0,1000.0,999.0,1293,1295,1293,NO DATA,NO DATA,NO DATA,NO DATA,NO DATA,NO DATA,NO DATA,NO DATA,NO DATA,NO DATA,NO DATA,NO DATA,NO DATA,NO DATA,NO DATA,37,38,37
,24-Aug-2019 06:00:00,T4.USPA.PFE 1,G4,998.0,1000.0,998.0,5264,5265,5264,998.0,1000.0,998.0,1.0,2.0,1.0,72,94,84,956.0,958.0,956.0,0.0,0.0,0.0,NO DATA,NO DATA,NO DATA
,24-Aug-2019 06:00:00,T4.USPA.PFE 1.Converter1,G4,998.0,999.0,998.0,1772,1774,1773,NO DATA,NO DATA,NO DATA,NO DATA,NO DATA,NO DATA,NO DATA,NO DATA,NO DATA,NO DATA,NO DATA,NO DATA,NO DATA,NO DATA,NO DATA,42,44,43
,24-Aug-2019 06:00:00,T4.USPA.PFE 1.Converter2,G4,997.0,999.0,998.0,1738,1741,1739,NO DATA,NO DATA,NO DATA,NO DATA,NO DATA,NO DATA,NO DATA,NO DATA,NO DATA,NO DATA,NO DATA,NO DATA,NO DATA,NO DATA,NO DATA,42,44,43
,24-Aug-2019 06:00:00,T4.USPA.PFE 1.Converter3,G4,997.0,998.0,997.0,1806,1808,1807,NO DATA,NO DATA,NO DATA,NO DATA,NO DATA,NO DATA,NO DATA,NO DATA,NO DATA,NO DATA,NO DATA,NO DATA,NO DATA,NO DATA,NO DATA,42,45,43
,24-Aug-2019 06:00:00,T5.HIKA.PFE 1,G4,1000.0,1000.0,1000.0,5088,5090,5088,1000.0,1000.0,1000.0,0.0,1.0,0.0,11,13,11,992.0,993.0,992.0,0.0,0.0,0.0,NO DATA,NO DATA,NO DATA
,24-Aug-2019 06:00:00,T5.HIKA.PFE 1.Converter1,G4,1000.0,1000.0,1000.0,1000,1002,1001,NO DATA,NO DATA,NO DATA,NO DATA,NO DATA,NO DATA,NO DATA,NO DATA,NO DATA,NO DATA,NO DATA,NO DATA,NO DATA,NO DATA,NO DATA,42,44,43
,24-Aug-2019 06:00:00,T5.HIKA.PFE 1.Converter2,G4,999.0,1000.0,999.0,1089,1091,1089,NO DATA,NO DATA,NO DATA,NO DATA,NO DATA,NO DATA,NO DATA,NO DATA,NO DATA,NO DATA,NO DATA,NO DATA,NO DATA,NO DATA,NO DATA,42,45,43
,24-Aug-2019 06:00:00,T5.HIKA.PFE 1.Converter3,G4,999.0,1000.0,999.0,1067,1070,1067,NO DATA,NO DATA,NO DATA,NO DATA,NO DATA,NO DATA,NO DATA,NO DATA,NO DATA,NO DATA,NO DATA,NO DATA,NO DATA,NO DATA,NO DATA,42,45,43
,24-Aug-2019 06:00:00,T5.HIKA.PFE 1.Converter4,G4,999.0,1000.0,999.0,1002,1006,1004,NO DATA,NO DATA,NO DATA,NO DATA,NO DATA,NO DATA,NO DATA,NO DATA,NO DATA,NO DATA,NO DATA,NO DATA,NO DATA,NO DATA,NO DATA,42,45,43
,24-Aug-2019 06:00:00,T5.HIKA.PFE 1.Converter5,G4,999.0,1000.0,999.0,1000,1002,1001,NO DATA,NO DATA,NO DATA,NO DATA,NO DATA,NO DATA,NO DATA,NO DATA,NO DATA,NO DATA,NO DATA,NO DATA,NO DATA,NO DATA,NO DATA,42,45,43
,24-Aug-2019 06:15:00,B1.ASGO.PFE 1,G3,999.0,1001.0,999.0,483,485,483,997.0,1003.0,999.0,NO DATA,NO DATA,1.0,NO DATA,NO DATA,12,NO DATA,NO DATA,NO DATA,NO DATA,NO DATA,NO DATA,NO DATA,NO DATA,NO DATA
,24-Aug-2019 06:15:00,B1.ASGO.PFE 1.Converter1,G3,999.0,1000.0,999.0,270,271,270,NO DATA,NO DATA,NO DATA,NO DATA,NO DATA,NO DATA,NO DATA,NO DATA,NO DATA,NO DATA,NO DATA,NO DATA,NO DATA,NO DATA,NO DATA,28,30,28
,24-Aug-2019 06:15:00,B1.ASGO.PFE 1.Converter2,G3,999.0,1001.0,1000.0,265,267,266,NO DATA,NO DATA,NO DATA,NO DATA,NO DATA,NO DATA,NO DATA,NO DATA,NO DATA,NO DATA,NO DATA,NO DATA,NO DATA,NO DATA,NO DATA,36,39,37
,24-Aug-2019 06:15:00,T2.NZMA.PFE 1,G4,1000.0,1001.0,1000.0,5114,5116,5114,1000.0,1001.0,1000.0,0.0,1.0,0.0,12,12,12,990.0,992.0,991.0,0.0,0.0,0.0,NO DATA,NO DATA,NO DATA
,24-Aug-2019 06:15:00,T2.NZMA.PFE 1.Converter1,G4,999.0,1000.0,999.0,1041,1045,1042,NO DATA,NO DATA,NO DATA,NO DATA,NO DATA,NO DATA,NO DATA,NO DATA,NO DATA,NO DATA,NO DATA,NO DATA,NO DATA,NO DATA,NO DATA,42,45,43
,24-Aug-2019 06:15:00,T2.NZMA.PFE 1.Converter2,G4,999.0,1000.0,999.0,1052,1053,1052,NO DATA,NO DATA,NO DATA,NO DATA,NO DATA,NO DATA,NO DATA,NO DATA,NO DATA,NO DATA,NO DATA,NO DATA,NO DATA,NO DATA,NO DATA,42,44,43
,24-Aug-2019 06:15:00,T2.NZMA.PFE 1.Converter3,G4,1000.0,1001.0,1000.0,1023,1027,1024,NO DATA,NO DATA,NO DATA,NO DATA,NO DATA,NO DATA,NO DATA,NO DATA,NO DATA,NO DATA,NO DATA,NO DATA,NO DATA,NO DATA,NO DATA,42,45,43
,24-Aug-2019 06:15:00,T2.NZMA.PFE 1.Converter4,G4,1000.0,1001.0,1000.0,999,1001,999,NO DATA,NO DATA,NO DATA,NO DATA,NO DATA,NO DATA,NO DATA,NO DATA,NO DATA,NO DATA,NO DATA,NO DATA,NO DATA,NO DATA,NO DATA,42,45,43
,24-Aug-2019 06:15:00,T2.NZMA.PFE 1.Converter5,G4,999.0,1000.0,999.0,1070,1071,1070,NO DATA,NO DATA,NO DATA,NO DATA,NO DATA,NO DATA,NO DATA,NO DATA,NO DATA,NO DATA,NO DATA,NO DATA,NO DATA,NO DATA,NO DATA,42,45,43
,24-Aug-2019 06:15:00,T3.AUSY.PFE 1,G3,999.0,1001.0,999.0,2502,2503,2502,994.0,1004.0,998.0,NO DATA,NO DATA,1.0,NO DATA,NO DATA,13,NO DATA,NO DATA,NO DATA,NO DATA,NO DATA,NO DATA,NO DATA,NO DATA,NO DATA
,24-Aug-2019 06:15:00,T3.AUSY.PFE 1.Converter1,G3,999.0,1000.0,999.0,1259,1260,1259,NO DATA,NO DATA,NO DATA,NO DATA,NO DATA,NO DATA,NO DATA,NO DATA,NO DATA,NO DATA,NO DATA,NO DATA,NO DATA,NO DATA,NO DATA,40,42,41
,24-Aug-2019 06:15:00,T3.AUSY.PFE 1.Converter2,G3,999.0,1000.0,999.0,1293,1294,1293,NO DATA,NO DATA,NO DATA,NO DATA,NO DATA,NO DATA,NO DATA,NO DATA,NO DATA,NO DATA,NO DATA,NO DATA,NO DATA,NO DATA,NO DATA,37,38,37
,24-Aug-2019 06:15:00,T4.USPA.PFE 1,G4,998.0,1000.0,998.0,5265,5266,5265,998.0,1000.0,998.0,1.0,2.0,1.0,73,94,84,956.0,958.0,956.0,0.0,0.0,0.0,NO DATA,NO DATA,NO DATA
,24-Aug-2019 06:15:00,T4.USPA.PFE 1.Converter1,G4,998.0,999.0,998.0,1772,1775,1773,NO DATA,NO DATA,NO DATA,NO DATA,NO DATA,NO DATA,NO DATA,NO DATA,NO DATA,NO DATA,NO DATA,NO DATA,NO DATA,NO DATA,NO DATA,42,45,43
,24-Aug-2019 06:15:00,T4.USPA.PFE 1.Converter2,G4,997.0,999.0,998.0,1738,1741,1739,NO DATA,NO DATA,NO DATA,NO DATA,NO DATA,NO DATA,NO DATA,NO DATA,NO DATA,NO DATA,NO DATA,NO DATA,NO DATA,NO DATA,NO DATA,42,44,42
,24-Aug-2019 06:15:00,T4.USPA.PFE 1.Converter3,G4,997.0,998.0,997.0,1806,1808,1807,NO DATA,NO DATA,NO DATA,NO DATA,NO DATA,NO DATA,NO DATA,NO DATA,NO DATA,NO DATA,NO DATA,NO DATA,NO DATA,NO DATA,NO DATA,42,45,43
,24-Aug-2019 06:15:00,T5.HIKA.PFE 1,G4,1000.0,1000.0,1000.0,5088,5090,5088,1000.0,1000.0,1000.0,0.0,1.0,0.0,11,13,11,992.0,993.0,992.0,0.0,0.0,0.0,NO DATA,NO DATA,NO DATA
,24-Aug-2019 06:15:00,T5.HIKA.PFE 1.Converter1,G4,1000.0,1000.0,1000.0,1000,1002,1001,NO DATA,NO DATA,NO DATA,NO DATA,NO DATA,NO DATA,NO DATA,NO DATA,NO DATA,NO DATA,NO DATA,NO DATA,NO DATA,NO DATA,NO DATA,42,46,44
,24-Aug-2019 06:15:00,T5.HIKA.PFE 1.Converter2,G4,999.0,1000.0,999.0,1089,1091,1089,NO DATA,NO DATA,NO DATA,NO DATA,NO DATA,NO DATA,NO DATA,NO DATA,NO DATA,NO DATA,NO DATA,NO DATA,NO DATA,NO DATA,NO DATA,43,48,44
,24-Aug-2019 06:15:00,T5.HIKA.PFE 1.Converter3,G4,999.0,1000.0,999.0,1067,1070,1067,NO DATA,NO DATA,NO DATA,NO DATA,NO DATA,NO DATA,NO DATA,NO DATA,NO DATA,NO DATA,NO DATA,NO DATA,NO DATA,NO DATA,NO DATA,42,47,44
,24-Aug-2019 06:15:00,T5.HIKA.PFE 1.Converter4,G4,999.0,1000.0,999.0,1002,1006,1004,NO DATA,NO DATA,NO DATA,NO DATA,NO DATA,NO DATA,NO DATA,NO DATA,NO DATA,NO DATA,NO DATA,NO DATA,NO DATA,NO DATA,NO DATA,42,46,44
,24-Aug-2019 06:15:00,T5.HIKA.PFE 1.Converter5,G4,999.0,1000.0,999.0,1000,1002,1001,NO DATA,NO DATA,NO DATA,NO DATA,NO DATA,NO DATA,NO DATA,NO DATA,NO DATA,NO DATA,NO DATA,NO DATA,NO DATA,NO DATA,NO DATA,42,47,44
,24-Aug-2019 06:30:00,B1.ASGO.PFE 1,G3,999.0,1001.0,1000.0,483,485,483,997.0,1003.0,999.0,NO DATA,NO DATA,1.0,NO DATA,NO DATA,12,NO DATA,NO DATA,NO DATA,NO DATA,NO DATA,NO DATA,NO DATA,NO DATA,NO DATA
,24-Aug-2019 06:30:00,B1.ASGO.PFE 1.Converter1,G3,999.0,1000.0,999.0,269,271,270,NO DATA,NO DATA,NO DATA,NO DATA,NO DATA,NO DATA,NO DATA,NO DATA,NO DATA,NO DATA,NO DATA,NO DATA,NO DATA,NO DATA,NO DATA,27,28,27
,24-Aug-2019 06:30:00,B1.ASGO.PFE 1.Converter2,G3,999.0,1001.0,1000.0,265,267,266,NO DATA,NO DATA,NO DATA,NO DATA,NO DATA,NO DATA,NO DATA,NO DATA,NO DATA,NO DATA,NO DATA,NO DATA,NO DATA,NO DATA,NO DATA,35,38,36
,24-Aug-2019 06:30:00,T2.NZMA.PFE 1,G4,1000.0,1001.0,1000.0,5112,5114,5113,1000.0,1001.0,1000.0,0.0,1.0,0.0,12,13,12,990.0,992.0,991.0,0.0,0.0,0.0,NO DATA,NO DATA,NO DATA
,24-Aug-2019 06:30:00,T2.NZMA.PFE 1.Converter1,G4,999.0,1000.0,999.0,1041,1043,1041,NO DATA,NO DATA,NO DATA,NO DATA,NO DATA,NO DATA,NO DATA,NO DATA,NO DATA,NO DATA,NO DATA,NO DATA,NO DATA,NO DATA,NO DATA,42,45,43
,24-Aug-2019 06:30:00,T2.NZMA.PFE 1.Converter2,G4,999.0,1000.0,999.0,1052,1053,1052,NO DATA,NO DATA,NO DATA,NO DATA,NO DATA,NO DATA,NO DATA,NO DATA,NO DATA,NO DATA,NO DATA,NO DATA,NO DATA,NO DATA,NO DATA,42,45,43
,24-Aug-2019 06:30:00,T2.NZMA.PFE 1.Converter3,G4,1000.0,1001.0,1000.0,1023,1026,1024,NO DATA,NO DATA,NO DATA,NO DATA,NO DATA,NO DATA,NO DATA,NO DATA,NO DATA,NO DATA,NO DATA,NO DATA,NO DATA,NO DATA,NO DATA,42,44,43
,24-Aug-2019 06:30:00,T2.NZMA.PFE 1.Converter4,G4,1000.0,1001.0,1000.0,999,1000,999,NO DATA,NO DATA,NO DATA,NO DATA,NO DATA,NO DATA,NO DATA,NO DATA,NO DATA,NO DATA,NO DATA,NO DATA,NO DATA,NO DATA,NO DATA,42,44,43
,24-Aug-2019 06:30:00,T2.NZMA.PFE 1.Converter5,G4,999.0,1000.0,999.0,1070,1071,1070,NO DATA,NO DATA,NO DATA,NO DATA,NO DATA,NO DATA,NO DATA,NO DATA,NO DATA,NO DATA,NO DATA,NO DATA,NO DATA,NO DATA,NO DATA,42,44,43
,24-Aug-2019 06:30:00,T3.AUSY.PFE 1,G3,999.0,1001.0,1000.0,2502,2503,2502,994.0,1003.0,998.0,NO DATA,NO DATA,1.0,NO DATA,NO DATA,13,NO DATA,NO DATA,NO DATA,NO DATA,NO DATA,NO DATA,NO DATA,NO DATA,NO DATA
,24-Aug-2019 06:30:00,T3.AUSY.PFE 1.Converter1,G3,999.0,1000.0,999.0,1259,1260,1259,NO DATA,NO DATA,NO DATA,NO DATA,NO DATA,NO DATA,NO DATA,NO DATA,NO DATA,NO DATA,NO DATA,NO DATA,NO DATA,NO DATA,NO DATA,40,42,41
,24-Aug-2019 06:30:00,T3.AUSY.PFE 1.Converter2,G3,999.0,1000.0,999.0,1293,1294,1293,NO DATA,NO DATA,NO DATA,NO DATA,NO DATA,NO DATA,NO DATA,NO DATA,NO DATA,NO DATA,NO DATA,NO DATA,NO DATA,NO DATA,NO DATA,37,38,37
,24-Aug-2019 06:30:00,T4.USPA.PFE 1,G4,998.0,1000.0,998.0,5265,5266,5265,998.0,1000.0,998.0,1.0,2.0,1.0,73,94,84,956.0,957.0,956.0,0.0,0.0,0.0,NO DATA,NO DATA,NO DATA
,24-Aug-2019 06:30:00,T4.USPA.PFE 1.Converter1,G4,998.0,999.0,998.0,1772,1774,1773,NO DATA,NO DATA,NO DATA,NO DATA,NO DATA,NO DATA,NO DATA,NO DATA,NO DATA,NO DATA,NO DATA,NO DATA,NO DATA,NO DATA,NO DATA,42,44,43
,24-Aug-2019 06:30:00,T4.USPA.PFE 1.Converter2,G4,997.0,999.0,998.0,1738,1741,1739,NO DATA,NO DATA,NO DATA,NO DATA,NO DATA,NO DATA,NO DATA,NO DATA,NO DATA,NO DATA,NO DATA,NO DATA,NO DATA,NO DATA,NO DATA,42,44,43
,24-Aug-2019 06:30:00,T4.USPA.PFE 1.Converter3,G4,997.0,998.0,997.0,1807,1808,1807,NO DATA,NO DATA,NO DATA,NO DATA,NO DATA,NO DATA,NO DATA,NO DATA,NO DATA,NO DATA,NO DATA,NO DATA,NO DATA,NO DATA,NO DATA,42,45,43
,24-Aug-2019 06:30:00,T5.HIKA.PFE 1,G4,1000.0,1000.0,1000.0,5090,5091,5090,1000.0,1000.0,1000.0,0.0,1.0,0.0,11,13,11,992.0,993.0,992.0,0.0,0.0,0.0,NO DATA,NO DATA,NO DATA
,24-Aug-2019 06:30:00,T5.HIKA.PFE 1.Converter1,G4,1000.0,1000.0,1000.0,1001,1002,1001,NO DATA,NO DATA,NO DATA,NO DATA,NO DATA,NO DATA,NO DATA,NO DATA,NO DATA,NO DATA,NO DATA,NO DATA,NO DATA,NO DATA,NO DATA,43,46,44
,24-Aug-2019 06:30:00,T5.HIKA.PFE 1.Converter2,G4,999.0,1000.0,999.0,1089,1091,1089,NO DATA,NO DATA,NO DATA,NO DATA,NO DATA,NO DATA,NO DATA,NO DATA,NO DATA,NO DATA,NO DATA,NO DATA,NO DATA,NO DATA,NO DATA,46,48,47
,24-Aug-2019 06:30:00,T5.HIKA.PFE 1.Converter3,G4,999.0,1000.0,999.0,1067,1069,1067,NO DATA,NO DATA,NO DATA,NO DATA,NO DATA,NO DATA,NO DATA,NO DATA,NO DATA,NO DATA,NO DATA,NO DATA,NO DATA,NO DATA,NO DATA,45,47,46
,24-Aug-2019 06:30:00,T5.HIKA.PFE 1.Converter4,G4,999.0,1000.0,999.0,1005,1007,1006,NO DATA,NO DATA,NO DATA,NO DATA,NO DATA,NO DATA,NO DATA,NO DATA,NO DATA,NO DATA,NO DATA,NO DATA,NO DATA,NO DATA,NO DATA,45,47,45
,24-Aug-2019 06:30:00,T5.HIKA.PFE 1.Converter5,G4,999.0,1000.0,999.0,1001,1002,1001,NO DATA,NO DATA,NO DATA,NO DATA,NO DATA,NO DATA,NO DATA,NO DATA,NO DATA,NO DATA,NO DATA,NO DATA,NO DATA,NO DATA,NO DATA,45,48,46
,24-Aug-2019 06:45:00,B1.ASGO.PFE 1,G3,999.0,1001.0,999.0,483,485,483,997.0,1003.0,999.0,NO DATA,NO DATA,1.0,NO DATA,NO DATA,12,NO DATA,NO DATA,NO DATA,NO DATA,NO DATA,NO DATA,NO DATA,NO DATA,NO DATA
,24-Aug-2019 06:45:00,B1.ASGO.PFE 1.Converter1,G3,999.0,1000.0,999.0,270,271,270,NO DATA,NO DATA,NO DATA,NO DATA,NO DATA,NO DATA,NO DATA,NO DATA,NO DATA,NO DATA,NO DATA,NO DATA,NO DATA,NO DATA,NO DATA,26,27,26
,24-Aug-2019 06:45:00,B1.ASGO.PFE 1.Converter2,G3,999.0,1001.0,1000.0,265,267,266,NO DATA,NO DATA,NO DATA,NO DATA,NO DATA,NO DATA,NO DATA,NO DATA,NO DATA,NO DATA,NO DATA,NO DATA,NO DATA,NO DATA,NO DATA,35,38,36
,24-Aug-2019 06:45:00,T2.NZMA.PFE 1,G4,1000.0,1001.0,1000.0,5113,5114,5113,1000.0,1001.0,1000.0,0.0,1.0,0.0,12,13,12,990.0,992.0,991.0,0.0,0.0,0.0,NO DATA,NO DATA,NO DATA
,24-Aug-2019 06:45:00,T2.NZMA.PFE 1.Converter1,G4,999.0,1000.0,999.0,1040,1044,1041,NO DATA,NO DATA,NO DATA,NO DATA,NO DATA,NO DATA,NO DATA,NO DATA,NO DATA,NO DATA,NO DATA,NO DATA,NO DATA,NO DATA,NO DATA,42,45,43
,24-Aug-2019 06:45:00,T2.NZMA.PFE 1.Converter2,G4,999.0,1000.0,999.0,1052,1053,1052,NO DATA,NO DATA,NO DATA,NO DATA,NO DATA,NO DATA,NO DATA,NO DATA,NO DATA,NO DATA,NO DATA,NO DATA,NO DATA,NO DATA,NO DATA,42,44,43
,24-Aug-2019 06:45:00,T2.NZMA.PFE 1.Converter3,G4,1000.0,1001.0,1000.0,1023,1026,1024,NO DATA,NO DATA,NO DATA,NO DATA,NO DATA,NO DATA,NO DATA,NO DATA,NO DATA,NO DATA,NO DATA,NO DATA,NO DATA,NO DATA,NO DATA,42,45,43
,24-Aug-2019 06:45:00,T2.NZMA.PFE 1.Converter4,G4,1000.0,1001.0,1000.0,999,1000,999,NO DATA,NO DATA,NO DATA,NO DATA,NO DATA,NO DATA,NO DATA,NO DATA,NO DATA,NO DATA,NO DATA,NO DATA,NO DATA,NO DATA,NO DATA,42,44,43
,24-Aug-2019 06:45:00,T2.NZMA.PFE 1.Converter5,G4,999.0,1000.0,999.0,1070,1071,1070,NO DATA,NO DATA,NO DATA,NO DATA,NO DATA,NO DATA,NO DATA,NO DATA,NO DATA,NO DATA,NO DATA,NO DATA,NO DATA,NO DATA,NO DATA,42,45,43
,24-Aug-2019 06:45:00,T3.AUSY.PFE 1,G3,999.0,1001.0,1000.0,2501,2503,2502,994.0,1003.0,998.0,NO DATA,NO DATA,1.0,NO DATA,NO DATA,13,NO DATA,NO DATA,NO DATA,NO DATA,NO DATA,NO DATA,NO DATA,NO DATA,NO DATA
,24-Aug-2019 06:45:00,T3.AUSY.PFE 1.Converter1,G3,999.0,1001.0,999.0,1259,1260,1259,NO DATA,NO DATA,NO DATA,NO DATA,NO DATA,NO DATA,NO DATA,NO DATA,NO DATA,NO DATA,NO DATA,NO DATA,NO DATA,NO DATA,NO DATA,39,42,40
,24-Aug-2019 06:45:00,T3.AUSY.PFE 1.Converter2,G3,999.0,1000.0,999.0,1293,1294,1293,NO DATA,NO DATA,NO DATA,NO DATA,NO DATA,NO DATA,NO DATA,NO DATA,NO DATA,NO DATA,NO DATA,NO DATA,NO DATA,NO DATA,NO DATA,37,38,37
,24-Aug-2019 06:45:00,T4.USPA.PFE 1,G4,998.0,1000.0,998.0,5265,5266,5265,998.0,1000.0,998.0,1.0,2.0,1.0,72,94,84,956.0,957.0,956.0,0.0,0.0,0.0,NO DATA,NO DATA,NO DATA
,24-Aug-2019 06:45:00,T4.USPA.PFE 1.Converter1,G4,997.0,999.0,998.0,1772,1774,1773,NO DATA,NO DATA,NO DATA,NO DATA,NO DATA,NO DATA,NO DATA,NO DATA,NO DATA,NO DATA,NO DATA,NO DATA,NO DATA,NO DATA,NO DATA,42,44,43
,24-Aug-2019 06:45:00,T4.USPA.PFE 1.Converter2,G4,997.0,999.0,998.0,1738,1741,1739,NO DATA,NO DATA,NO DATA,NO DATA,NO DATA,NO DATA,NO DATA,NO DATA,NO DATA,NO DATA,NO DATA,NO DATA,NO DATA,NO DATA,NO DATA,42,44,42
,24-Aug-2019 06:45:00,T4.USPA.PFE 1.Converter3,G4,997.0,998.0,997.0,1807,1809,1807,NO DATA,NO DATA,NO DATA,NO DATA,NO DATA,NO DATA,NO DATA,NO DATA,NO DATA,NO DATA,NO DATA,NO DATA,NO DATA,NO DATA,NO DATA,42,45,43
,24-Aug-2019 06:45:00,T5.HIKA.PFE 1,G4,1000.0,1000.0,1000.0,5090,5091,5090,1000.0,1000.0,1000.0,0.0,1.0,0.0,11,13,11,991.0,993.0,992.0,0.0,0.0,0.0,NO DATA,NO DATA,NO DATA
,24-Aug-2019 06:45:00,T5.HIKA.PFE 1.Converter1,G4,1000.0,1000.0,1000.0,1001,1002,1001,NO DATA,NO DATA,NO DATA,NO DATA,NO DATA,NO DATA,NO DATA,NO DATA,NO DATA,NO DATA,NO DATA,NO DATA,NO DATA,NO DATA,NO DATA,42,45,43
,24-Aug-2019 06:45:00,T5.HIKA.PFE 1.Converter2,G4,999.0,1000.0,999.0,1089,1091,1090,NO DATA,NO DATA,NO DATA,NO DATA,NO DATA,NO DATA,NO DATA,NO DATA,NO DATA,NO DATA,NO DATA,NO DATA,NO DATA,NO DATA,NO DATA,44,46,44
,24-Aug-2019 06:45:00,T5.HIKA.PFE 1.Converter3,G4,999.0,1000.0,999.0,1067,1072,1068,NO DATA,NO DATA,NO DATA,NO DATA,NO DATA,NO DATA,NO DATA,NO DATA,NO DATA,NO DATA,NO DATA,NO DATA,NO DATA,NO DATA,NO DATA,43,46,43
,24-Aug-2019 06:45:00,T5.HIKA.PFE 1.Converter4,G4,999.0,1000.0,999.0,1002,1007,1004,NO DATA,NO DATA,NO DATA,NO DATA,NO DATA,NO DATA,NO DATA,NO DATA,NO DATA,NO DATA,NO DATA,NO DATA,NO DATA,NO DATA,NO DATA,43,45,43
,24-Aug-2019 06:45:00,T5.HIKA.PFE 1.Converter5,G4,999.0,1000.0,999.0,1001,1002,1001,NO DATA,NO DATA,NO DATA,NO DATA,NO DATA,NO DATA,NO DATA,NO DATA,NO DATA,NO DATA,NO DATA,NO DATA,NO DATA,NO DATA,NO DATA,43,46,44
,24-Aug-2019 07:00:00,B1.ASGO.PFE 1,G3,999.0,1001.0,999.0,483,485,483,997.0,1003.0,999.0,NO DATA,NO DATA,1.0,NO DATA,NO DATA,12,NO DATA,NO DATA,NO DATA,NO DATA,NO DATA,NO DATA,NO DATA,NO DATA,NO DATA
,24-Aug-2019 07:00:00,B1.ASGO.PFE 1.Converter1,G3,999.0,1000.0,999.0,270,271,270,NO DATA,NO DATA,NO DATA,NO DATA,NO DATA,NO DATA,NO DATA,NO DATA,NO DATA,NO DATA,NO DATA,NO DATA,NO DATA,NO DATA,NO DATA,26,27,26
,24-Aug-2019 07:00:00,B1.ASGO.PFE 1.Converter2,G3,999.0,1001.0,1000.0,266,267,266,NO DATA,NO DATA,NO DATA,NO DATA,NO DATA,NO DATA,NO DATA,NO DATA,NO DATA,NO DATA,NO DATA,NO DATA,NO DATA,NO DATA,NO DATA,35,37,36
,24-Aug-2019 07:00:00,T2.NZMA.PFE 1,G4,1000.0,1001.0,1000.0,5113,5114,5113,1000.0,1001.0,1000.0,0.0,1.0,0.0,12,13,12,990.0,992.0,991.0,0.0,0.0,0.0,NO DATA,NO DATA,NO DATA
,24-Aug-2019 07:00:00,T2.NZMA.PFE 1.Converter1,G4,999.0,1000.0,999.0,1041,1044,1041,NO DATA,NO DATA,NO DATA,NO DATA,NO DATA,NO DATA,NO DATA,NO DATA,NO DATA,NO DATA,NO DATA,NO DATA,NO DATA,NO DATA,NO DATA,42,45,43
,24-Aug-2019 07:00:00,T2.NZMA.PFE 1.Converter2,G4,999.0,1000.0,999.0,1052,1053,1052,NO DATA,NO DATA,NO DATA,NO DATA,NO DATA,NO DATA,NO DATA,NO DATA,NO DATA,NO DATA,NO DATA,NO DATA,NO DATA,NO DATA,NO DATA,42,44,43
,24-Aug-2019 07:00:00,T2.NZMA.PFE 1.Converter3,G4,1000.0,1000.0,1000.0,1023,1026,1024,NO DATA,NO DATA,NO DATA,NO DATA,NO DATA,NO DATA,NO DATA,NO DATA,NO DATA,NO DATA,NO DATA,NO DATA,NO DATA,NO DATA,NO DATA,42,44,43
,24-Aug-2019 07:00:00,T2.NZMA.PFE 1.Converter4,G4,1000.0,1001.0,1000.0,999,1000,999,NO DATA,NO DATA,NO DATA,NO DATA,NO DATA,NO DATA,NO DATA,NO DATA,NO DATA,NO DATA,NO DATA,NO DATA,NO DATA,NO DATA,NO DATA,42,45,43
,24-Aug-2019 07:00:00,T2.NZMA.PFE 1.Converter5,G4,999.0,1000.0,999.0,1070,1071,1070,NO DATA,NO DATA,NO DATA,NO DATA,NO DATA,NO DATA,NO DATA,NO DATA,NO DATA,NO DATA,NO DATA,NO DATA,NO DATA,NO DATA,NO DATA,42,45,43
,24-Aug-2019 07:00:00,T3.AUSY.PFE 1,G3,999.0,1001.0,1000.0,2502,2504,2502,989.0,1003.0,998.0,NO DATA,NO DATA,1.0,NO DATA,NO DATA,13,NO DATA,NO DATA,NO DATA,NO DATA,NO DATA,NO DATA,NO DATA,NO DATA,NO DATA
,24-Aug-2019 07:00:00,T3.AUSY.PFE 1.Converter1,G3,999.0,1001.0,999.0,1259,1260,1259,NO DATA,NO DATA,NO DATA,NO DATA,NO DATA,NO DATA,NO DATA,NO DATA,NO DATA,NO DATA,NO DATA,NO DATA,NO DATA,NO DATA,NO DATA,39,42,41
,24-Aug-2019 07:00:00,T3.AUSY.PFE 1.Converter2,G3,998.0,1001.0,999.0,1293,1295,1293,NO DATA,NO DATA,NO DATA,NO DATA,NO DATA,NO DATA,NO DATA,NO DATA,NO DATA,NO DATA,NO DATA,NO DATA,NO DATA,NO DATA,NO DATA,37,38,37
,24-Aug-2019 07:00:00,T4.USPA.PFE 1,G4,998.0,1000.0,998.0,5264,5265,5264,998.0,1000.0,998.0,1.0,2.0,1.0,71,93,84,956.0,958.0,956.0,0.0,0.0,0.0,NO DATA,NO DATA,NO DATA
,24-Aug-2019 07:00:00,T4.USPA.PFE 1.Converter1,G4,997.0,999.0,998.0,1772,1774,1773,NO DATA,NO DATA,NO DATA,NO DATA,NO DATA,NO DATA,NO DATA,NO DATA,NO DATA,NO DATA,NO DATA,NO DATA,NO DATA,NO DATA,NO DATA,42,44,43
,24-Aug-2019 07:00:00,T4.USPA.PFE 1.Converter2,G4,997.0,999.0,998.0,1738,1741,1739,NO DATA,NO DATA,NO DATA,NO DATA,NO DATA,NO DATA,NO DATA,NO DATA,NO DATA,NO DATA,NO DATA,NO DATA,NO DATA,NO DATA,NO DATA,42,44,43
,24-Aug-2019 07:00:00,T4.USPA.PFE 1.Converter3,G4,997.0,998.0,997.0,1806,1809,1807,NO DATA,NO DATA,NO DATA,NO DATA,NO DATA,NO DATA,NO DATA,NO DATA,NO DATA,NO DATA,NO DATA,NO DATA,NO DATA,NO DATA,NO DATA,42,45,43
,24-Aug-2019 07:00:00,T5.HIKA.PFE 1,G4,1000.0,1000.0,1000.0,5090,5091,5090,1000.0,1000.0,1000.0,0.0,1.0,0.0,11,13,11,992.0,993.0,992.0,0.0,0.0,0.0,NO DATA,NO DATA,NO DATA
,24-Aug-2019 07:00:00,T5.HIKA.PFE 1.Converter1,G4,1000.0,1000.0,1000.0,1001,1002,1001,NO DATA,NO DATA,NO DATA,NO DATA,NO DATA,NO DATA,NO DATA,NO DATA,NO DATA,NO DATA,NO DATA,NO DATA,NO DATA,NO DATA,NO DATA,42,45,43
,24-Aug-2019 07:00:00,T5.HIKA.PFE 1.Converter2,G4,999.0,1000.0,999.0,1090,1091,1090,NO DATA,NO DATA,NO DATA,NO DATA,NO DATA,NO DATA,NO DATA,NO DATA,NO DATA,NO DATA,NO DATA,NO DATA,NO DATA,NO DATA,NO DATA,43,45,43
,24-Aug-2019 07:00:00,T5.HIKA.PFE 1.Converter3,G4,999.0,1000.0,999.0,1067,1072,1068,NO DATA,NO DATA,NO DATA,NO DATA,NO DATA,NO DATA,NO DATA,NO DATA,NO DATA,NO DATA,NO DATA,NO DATA,NO DATA,NO DATA,NO DATA,42,45,43
,24-Aug-2019 07:00:00,T5.HIKA.PFE 1.Converter4,G4,999.0,1000.0,999.0,1002,1007,1004,NO DATA,NO DATA,NO DATA,NO DATA,NO DATA,NO DATA,NO DATA,NO DATA,NO DATA,NO DATA,NO DATA,NO DATA,NO DATA,NO DATA,NO DATA,42,44,43
,24-Aug-2019 07:00:00,T5.HIKA.PFE 1.Converter5,G4,999.0,1000.0,999.0,1001,1002,1001,NO DATA,NO DATA,NO DATA,NO DATA,NO DATA,NO DATA,NO DATA,NO DATA,NO DATA,NO DATA,NO DATA,NO DATA,NO DATA,NO DATA,NO DATA,42,44,43
,24-Aug-2019 07:15:00,B1.ASGO.PFE 1,G3,999.0,1001.0,999.0,482,485,483,997.0,1003.0,999.0,NO DATA,NO DATA,1.0,NO DATA,NO DATA,12,NO DATA,NO DATA,NO DATA,NO DATA,NO DATA,NO DATA,NO DATA,NO DATA,NO DATA
,24-Aug-2019 07:15:00,B1.ASGO.PFE 1.Converter1,G3,999.0,1000.0,999.0,270,271,270,NO DATA,NO DATA,NO DATA,NO DATA,NO DATA,NO DATA,NO DATA,NO DATA,NO DATA,NO DATA,NO DATA,NO DATA,NO DATA,NO DATA,NO DATA,26,28,27
,24-Aug-2019 07:15:00,B1.ASGO.PFE 1.Converter2,G3,1000.0,1001.0,1000.0,265,267,266,NO DATA,NO DATA,NO DATA,NO DATA,NO DATA,NO DATA,NO DATA,NO DATA,NO DATA,NO DATA,NO DATA,NO DATA,NO DATA,NO DATA,NO DATA,35,38,36
,24-Aug-2019 07:15:00,T2.NZMA.PFE 1,G4,1000.0,1001.0,1000.0,5112,5114,5112,1000.0,1001.0,1000.0,0.0,1.0,0.0,12,13,12,990.0,992.0,991.0,0.0,0.0,0.0,NO DATA,NO DATA,NO DATA
,24-Aug-2019 07:15:00,T2.NZMA.PFE 1.Converter1,G4,999.0,1000.0,999.0,1041,1044,1041,NO DATA,NO DATA,NO DATA,NO DATA,NO DATA,NO DATA,NO DATA,NO DATA,NO DATA,NO DATA,NO DATA,NO DATA,NO DATA,NO DATA,NO DATA,42,45,43
,24-Aug-2019 07:15:00,T2.NZMA.PFE 1.Converter2,G4,999.0,1000.0,999.0,1052,1053,1052,NO DATA,NO DATA,NO DATA,NO DATA,NO DATA,NO DATA,NO DATA,NO DATA,NO DATA,NO DATA,NO DATA,NO DATA,NO DATA,NO DATA,NO DATA,42,44,43
,24-Aug-2019 07:15:00,T2.NZMA.PFE 1.Converter3,G4,1000.0,1001.0,1000.0,1023,1025,1023,NO DATA,NO DATA,NO DATA,NO DATA,NO DATA,NO DATA,NO DATA,NO DATA,NO DATA,NO DATA,NO DATA,NO DATA,NO DATA,NO DATA,NO DATA,42,45,43
,24-Aug-2019 07:15:00,T2.NZMA.PFE 1.Converter4,G4,1000.0,1001.0,1000.0,999,1000,999,NO DATA,NO DATA,NO DATA,NO DATA,NO DATA,NO DATA,NO DATA,NO DATA,NO DATA,NO DATA,NO DATA,NO DATA,NO DATA,NO DATA,NO DATA,42,45,43
,24-Aug-2019 07:15:00,T2.NZMA.PFE 1.Converter5,G4,999.0,1000.0,999.0,1070,1071,1070,NO DATA,NO DATA,NO DATA,NO DATA,NO DATA,NO DATA,NO DATA,NO DATA,NO DATA,NO DATA,NO DATA,NO DATA,NO DATA,NO DATA,NO DATA,42,44,43
,24-Aug-2019 07:15:00,T3.AUSY.PFE 1,G3,999.0,1001.0,1000.0,2502,2503,2502,994.0,1004.0,998.0,NO DATA,NO DATA,1.0,NO DATA,NO DATA,13,NO DATA,NO DATA,NO DATA,NO DATA,NO DATA,NO DATA,NO DATA,NO DATA,NO DATA
,24-Aug-2019 07:15:00,T3.AUSY.PFE 1.Converter1,G3,999.0,1000.0,999.0,1259,1260,1259,NO DATA,NO DATA,NO DATA,NO DATA,NO DATA,NO DATA,NO DATA,NO DATA,NO DATA,NO DATA,NO DATA,NO DATA,NO DATA,NO DATA,NO DATA,39,42,41
,24-Aug-2019 07:15:00,T3.AUSY.PFE 1.Converter2,G3,999.0,1000.0,999.0,1293,1294,1293,NO DATA,NO DATA,NO DATA,NO DATA,NO DATA,NO DATA,NO DATA,NO DATA,NO DATA,NO DATA,NO DATA,NO DATA,NO DATA,NO DATA,NO DATA,37,39,37
,24-Aug-2019 07:15:00,T4.USPA.PFE 1,G4,998.0,1000.0,998.0,5264,5265,5264,998.0,1000.0,998.0,1.0,2.0,1.0,73,94,84,956.0,958.0,956.0,0.0,0.0,0.0,NO DATA,NO DATA,NO DATA
,24-Aug-2019 07:15:00,T4.USPA.PFE 1.Converter1,G4,997.0,999.0,998.0,1772,1774,1772,NO DATA,NO DATA,NO DATA,NO DATA,NO DATA,NO DATA,NO DATA,NO DATA,NO DATA,NO DATA,NO DATA,NO DATA,NO DATA,NO DATA,NO DATA,42,44,43
,24-Aug-2019 07:15:00,T4.USPA.PFE 1.Converter2,G4,997.0,999.0,998.0,1738,1741,1739,NO DATA,NO DATA,NO DATA,NO DATA,NO DATA,NO DATA,NO DATA,NO DATA,NO DATA,NO DATA,NO DATA,NO DATA,NO DATA,NO DATA,NO DATA,42,44,43
,24-Aug-2019 07:15:00,T4.USPA.PFE 1.Converter3,G4,997.0,998.0,997.0,1806,1808,1807,NO DATA,NO DATA,NO DATA,NO DATA,NO DATA,NO DATA,NO DATA,NO DATA,NO DATA,NO DATA,NO DATA,NO DATA,NO DATA,NO DATA,NO DATA,42,45,43
,24-Aug-2019 07:15:00,T5.HIKA.PFE 1,G4,1000.0,1000.0,1000.0,5091,5092,5091,1000.0,1000.0,1000.0,0.0,1.0,0.0,11,13,11,991.0,993.0,992.0,0.0,0.0,0.0,NO DATA,NO DATA,NO DATA
,24-Aug-2019 07:15:00,T5.HIKA.PFE 1.Converter1,G4,1000.0,1000.0,1000.0,1001,1002,1001,NO DATA,NO DATA,NO DATA,NO DATA,NO DATA,NO DATA,NO DATA,NO DATA,NO DATA,NO DATA,NO DATA,NO DATA,NO DATA,NO DATA,NO DATA,42,45,43
,24-Aug-2019 07:15:00,T5.HIKA.PFE 1.Converter2,G4,999.0,1000.0,999.0,1090,1091,1090,NO DATA,NO DATA,NO DATA,NO DATA,NO DATA,NO DATA,NO DATA,NO DATA,NO DATA,NO DATA,NO DATA,NO DATA,NO DATA,NO DATA,NO DATA,43,45,43
,24-Aug-2019 07:15:00,T5.HIKA.PFE 1.Converter3,G4,1000.0,1000.0,1000.0,1067,1072,1069,NO DATA,NO DATA,NO DATA,NO DATA,NO DATA,NO DATA,NO DATA,NO DATA,NO DATA,NO DATA,NO DATA,NO DATA,NO DATA,NO DATA,NO DATA,43,44,43
,24-Aug-2019 07:15:00,T5.HIKA.PFE 1.Converter4,G4,999.0,1000.0,999.0,1002,1007,1004,NO DATA,NO DATA,NO DATA,NO DATA,NO DATA,NO DATA,NO DATA,NO DATA,NO DATA,NO DATA,NO DATA,NO DATA,NO DATA,NO DATA,NO DATA,43,45,43
,24-Aug-2019 07:15:00,T5.HIKA.PFE 1.Converter5,G4,999.0,1000.0,999.0,1001,1002,1001,NO DATA,NO DATA,NO DATA,NO DATA,NO DATA,NO DATA,NO DATA,NO DATA,NO DATA,NO DATA,NO DATA,NO DATA,NO DATA,NO DATA,NO DATA,43,44,43
,24-Aug-2019 07:30:00,B1.ASGO.PFE 1,G3,999.0,1001.0,999.0,483,485,483,997.0,1003.0,999.0,NO DATA,NO DATA,1.0,NO DATA,NO DATA,12,NO DATA,NO DATA,NO DATA,NO DATA,NO DATA,NO DATA,NO DATA,NO DATA,NO DATA
,24-Aug-2019 07:30:00,B1.ASGO.PFE 1.Converter1,G3,999.0,1000.0,999.0,270,271,270,NO DATA,NO DATA,NO DATA,NO DATA,NO DATA,NO DATA,NO DATA,NO DATA,NO DATA,NO DATA,NO DATA,NO DATA,NO DATA,NO DATA,NO DATA,28,29,28
,24-Aug-2019 07:30:00,B1.ASGO.PFE 1.Converter2,G3,999.0,1001.0,1000.0,265,267,265,NO DATA,NO DATA,NO DATA,NO DATA,NO DATA,NO DATA,NO DATA,NO DATA,NO DATA,NO DATA,NO DATA,NO DATA,NO DATA,NO DATA,NO DATA,36,39,37
,24-Aug-2019 07:30:00,T2.NZMA.PFE 1,G4,1000.0,1001.0,1000.0,5113,5115,5114,1000.0,1001.0,1000.0,0.0,1.0,0.0,12,13,12,990.0,992.0,991.0,0.0,0.0,0.0,NO DATA,NO DATA,NO DATA
,24-Aug-2019 07:30:00,T2.NZMA.PFE 1.Converter1,G4,999.0,1000.0,999.0,1041,1044,1041,NO DATA,NO DATA,NO DATA,NO DATA,NO DATA,NO DATA,NO DATA,NO DATA,NO DATA,NO DATA,NO DATA,NO DATA,NO DATA,NO DATA,NO DATA,42,45,43
,24-Aug-2019 07:30:00,T2.NZMA.PFE 1.Converter2,G4,999.0,1000.0,999.0,1052,1053,1052,NO DATA,NO DATA,NO DATA,NO DATA,NO DATA,NO DATA,NO DATA,NO DATA,NO DATA,NO DATA,NO DATA,NO DATA,NO DATA,NO DATA,NO DATA,43,44,43
,24-Aug-2019 07:30:00,T2.NZMA.PFE 1.Converter3,G4,1000.0,1001.0,1000.0,1023,1027,1024,NO DATA,NO DATA,NO DATA,NO DATA,NO DATA,NO DATA,NO DATA,NO DATA,NO DATA,NO DATA,NO DATA,NO DATA,NO DATA,NO DATA,NO DATA,42,45,43
,24-Aug-2019 07:30:00,T2.NZMA.PFE 1.Converter4,G4,1000.0,1001.0,1000.0,999,1000,999,NO DATA,NO DATA,NO DATA,NO DATA,NO DATA,NO DATA,NO DATA,NO DATA,NO DATA,NO DATA,NO DATA,NO DATA,NO DATA,NO DATA,NO DATA,42,44,43
,24-Aug-2019 07:30:00,T2.NZMA.PFE 1.Converter5,G4,999.0,1000.0,999.0,1070,1071,1070,NO DATA,NO DATA,NO DATA,NO DATA,NO DATA,NO DATA,NO DATA,NO DATA,NO DATA,NO DATA,NO DATA,NO DATA,NO DATA,NO DATA,NO DATA,42,44,43
,24-Aug-2019 07:30:00,T3.AUSY.PFE 1,G3,999.0,1001.0,1000.0,2502,2503,2502,991.0,1011.0,998.0,NO DATA,NO DATA,1.0,NO DATA,NO DATA,13,NO DATA,NO DATA,NO DATA,NO DATA,NO DATA,NO DATA,NO DATA,NO DATA,NO DATA
,24-Aug-2019 07:30:00,T3.AUSY.PFE 1.Converter1,G3,998.0,1001.0,999.0,1259,1260,1259,NO DATA,NO DATA,NO DATA,NO DATA,NO DATA,NO DATA,NO DATA,NO DATA,NO DATA,NO DATA,NO DATA,NO DATA,NO DATA,NO DATA,NO DATA,40,42,41
,24-Aug-2019 07:30:00,T3.AUSY.PFE 1.Converter2,G3,997.0,1001.0,999.0,1293,1295,1293,NO DATA,NO DATA,NO DATA,NO DATA,NO DATA,NO DATA,NO DATA,NO DATA,NO DATA,NO DATA,NO DATA,NO DATA,NO DATA,NO DATA,NO DATA,37,38,37
,24-Aug-2019 07:30:00,T4.USPA.PFE 1,G4,998.0,1000.0,998.0,5264,5265,5264,998.0,1000.0,998.0,1.0,2.0,1.0,73,94,84,956.0,957.0,956.0,0.0,0.0,0.0,NO DATA,NO DATA,NO DATA
,24-Aug-2019 07:30:00,T4.USPA.PFE 1.Converter1,G4,998.0,999.0,998.0,1772,1774,1772,NO DATA,NO DATA,NO DATA,NO DATA,NO DATA,NO DATA,NO DATA,NO DATA,NO DATA,NO DATA,NO DATA,NO DATA,NO DATA,NO DATA,NO DATA,42,44,43
,24-Aug-2019 07:30:00,T4.USPA.PFE 1.Converter2,G4,997.0,999.0,998.0,1738,1741,1739,NO DATA,NO DATA,NO DATA,NO DATA,NO DATA,NO DATA,NO DATA,NO DATA,NO DATA,NO DATA,NO DATA,NO DATA,NO DATA,NO DATA,NO DATA,42,44,43
,24-Aug-2019 07:30:00,T4.USPA.PFE 1.Converter3,G4,997.0,998.0,997.0,1806,1808,1807,NO DATA,NO DATA,NO DATA,NO DATA,NO DATA,NO DATA,NO DATA,NO DATA,NO DATA,NO DATA,NO DATA,NO DATA,NO DATA,NO DATA,NO DATA,42,45,43
,24-Aug-2019 07:30:00,T5.HIKA.PFE 1,G4,1000.0,1000.0,1000.0,5090,5092,5090,1000.0,1000.0,1000.0,0.0,1.0,0.0,11,13,11,992.0,993.0,992.0,0.0,0.0,0.0,NO DATA,NO DATA,NO DATA
,24-Aug-2019 07:30:00,T5.HIKA.PFE 1.Converter1,G4,1000.0,1000.0,1000.0,1001,1002,1001,NO DATA,NO DATA,NO DATA,NO DATA,NO DATA,NO DATA,NO DATA,NO DATA,NO DATA,NO DATA,NO DATA,NO DATA,NO DATA,NO DATA,NO DATA,42,45,43
,24-Aug-2019 07:30:00,T5.HIKA.PFE 1.Converter2,G4,999.0,1000.0,999.0,1090,1091,1090,NO DATA,NO DATA,NO DATA,NO DATA,NO DATA,NO DATA,NO DATA,NO DATA,NO DATA,NO DATA,NO DATA,NO DATA,NO DATA,NO DATA,NO DATA,44,45,44
,24-Aug-2019 07:30:00,T5.HIKA.PFE 1.Converter3,G4,1000.0,1000.0,1000.0,1067,1071,1068,NO DATA,NO DATA,NO DATA,NO DATA,NO DATA,NO DATA,NO DATA,NO DATA,NO DATA,NO DATA,NO DATA,NO DATA,NO DATA,NO DATA,NO DATA,43,44,43
,24-Aug-2019 07:30:00,T5.HIKA.PFE 1.Converter4,G4,999.0,1000.0,999.0,1002,1006,1004,NO DATA,NO DATA,NO DATA,NO DATA,NO DATA,NO DATA,NO DATA,NO DATA,NO DATA,NO DATA,NO DATA,NO DATA,NO DATA,NO DATA,NO DATA,43,44,43
,24-Aug-2019 07:30:00,T5.HIKA.PFE 1.Converter5,G4,999.0,1000.0,999.0,1001,1002,1001,NO DATA,NO DATA,NO DATA,NO DATA,NO DATA,NO DATA,NO DATA,NO DATA,NO DATA,NO DATA,NO DATA,NO DATA,NO DATA,NO DATA,NO DATA,44,45,44
,24-Aug-2019 07:45:00,B1.ASGO.PFE 1,G3,999.0,1001.0,1000.0,483,485,483,997.0,1003.0,999.0,NO DATA,NO DATA,1.0,NO DATA,NO DATA,12,NO DATA,NO DATA,NO DATA,NO DATA,NO DATA,NO DATA,NO DATA,NO DATA,NO DATA
,24-Aug-2019 07:45:00,B1.ASGO.PFE 1.Converter1,G3,999.0,1000.0,999.0,270,271,270,NO DATA,NO DATA,NO DATA,NO DATA,NO DATA,NO DATA,NO DATA,NO DATA,NO DATA,NO DATA,NO DATA,NO DATA,NO DATA,NO DATA,NO DATA,29,30,29
,24-Aug-2019 07:45:00,B1.ASGO.PFE 1.Converter2,G3,999.0,1001.0,1000.0,265,266,265,NO DATA,NO DATA,NO DATA,NO DATA,NO DATA,NO DATA,NO DATA,NO DATA,NO DATA,NO DATA,NO DATA,NO DATA,NO DATA,NO DATA,NO DATA,36,39,37
,24-Aug-2019 07:45:00,T2.NZMA.PFE 1,G4,1000.0,1001.0,1000.0,5114,5115,5114,1000.0,1001.0,1000.0,0.0,1.0,0.0,12,13,12,990.0,992.0,991.0,0.0,0.0,0.0,NO DATA,NO DATA,NO DATA
,24-Aug-2019 07:45:00,T2.NZMA.PFE 1.Converter1,G4,999.0,1000.0,999.0,1041,1044,1041,NO DATA,NO DATA,NO DATA,NO DATA,NO DATA,NO DATA,NO DATA,NO DATA,NO DATA,NO DATA,NO DATA,NO DATA,NO DATA,NO DATA,NO DATA,42,45,43
,24-Aug-2019 07:45:00,T2.NZMA.PFE 1.Converter2,G4,999.0,1000.0,999.0,1052,1053,1052,NO DATA,NO DATA,NO DATA,NO DATA,NO DATA,NO DATA,NO DATA,NO DATA,NO DATA,NO DATA,NO DATA,NO DATA,NO DATA,NO DATA,NO DATA,42,44,43
,24-Aug-2019 07:45:00,T2.NZMA.PFE 1.Converter3,G4,1000.0,1001.0,1000.0,1024,1027,1025,NO DATA,NO DATA,NO DATA,NO DATA,NO DATA,NO DATA,NO DATA,NO DATA,NO DATA,NO DATA,NO DATA,NO DATA,NO DATA,NO DATA,NO DATA,42,44,43
,24-Aug-2019 07:45:00,T2.NZMA.PFE 1.Converter4,G4,1000.0,1001.0,1000.0,999,1000,999,NO DATA,NO DATA,NO DATA,NO DATA,NO DATA,NO DATA,NO DATA,NO DATA,NO DATA,NO DATA,NO DATA,NO DATA,NO DATA,NO DATA,NO DATA,42,45,43
,24-Aug-2019 07:45:00,T2.NZMA.PFE 1.Converter5,G4,999.0,1000.0,999.0,1070,1071,1070,NO DATA,NO DATA,NO DATA,NO DATA,NO DATA,NO DATA,NO DATA,NO DATA,NO DATA,NO DATA,NO DATA,NO DATA,NO DATA,NO DATA,NO DATA,42,44,43
,24-Aug-2019 07:45:00,T3.AUSY.PFE 1,G3,999.0,1001.0,1000.0,2502,2503,2502,994.0,1004.0,998.0,NO DATA,NO DATA,1.0,NO DATA,NO DATA,13,NO DATA,NO DATA,NO DATA,NO DATA,NO DATA,NO DATA,NO DATA,NO DATA,NO DATA
,24-Aug-2019 07:45:00,T3.AUSY.PFE 1.Converter1,G3,999.0,1000.0,999.0,1259,1260,1259,NO DATA,NO DATA,NO DATA,NO DATA,NO DATA,NO DATA,NO DATA,NO DATA,NO DATA,NO DATA,NO DATA,NO DATA,NO DATA,NO DATA,NO DATA,40,42,41
,24-Aug-2019 07:45:00,T3.AUSY.PFE 1.Converter2,G3,999.0,1000.0,999.0,1293,1295,1294,NO DATA,NO DATA,NO DATA,NO DATA,NO DATA,NO DATA,NO DATA,NO DATA,NO DATA,NO DATA,NO DATA,NO DATA,NO DATA,NO DATA,NO DATA,37,38,37
,24-Aug-2019 07:45:00,T4.USPA.PFE 1,G4,998.0,1000.0,998.0,5264,5265,5264,998.0,1000.0,998.0,1.0,2.0,1.0,72,93,84,956.0,957.0,956.0,0.0,0.0,0.0,NO DATA,NO DATA,NO DATA
,24-Aug-2019 07:45:00,T4.USPA.PFE 1.Converter1,G4,997.0,999.0,998.0,1771,1774,1772,NO DATA,NO DATA,NO DATA,NO DATA,NO DATA,NO DATA,NO DATA,NO DATA,NO DATA,NO DATA,NO DATA,NO DATA,NO DATA,NO DATA,NO DATA,42,44,43
,24-Aug-2019 07:45:00,T4.USPA.PFE 1.Converter2,G4,997.0,999.0,998.0,1738,1741,1739,NO DATA,NO DATA,NO DATA,NO DATA,NO DATA,NO DATA,NO DATA,NO DATA,NO DATA,NO DATA,NO DATA,NO DATA,NO DATA,NO DATA,NO DATA,42,44,43
,24-Aug-2019 07:45:00,T4.USPA.PFE 1.Converter3,G4,997.0,999.0,997.0,1806,1808,1807,NO DATA,NO DATA,NO DATA,NO DATA,NO DATA,NO DATA,NO DATA,NO DATA,NO DATA,NO DATA,NO DATA,NO DATA,NO DATA,NO DATA,NO DATA,42,45,43
,24-Aug-2019 07:45:00,T5.HIKA.PFE 1,G4,1000.0,1000.0,1000.0,5090,5091,5090,1000.0,1000.0,1000.0,0.0,1.0,0.0,11,13,11,992.0,993.0,992.0,0.0,0.0,0.0,NO DATA,NO DATA,NO DATA
,24-Aug-2019 07:45:00,T5.HIKA.PFE 1.Converter1,G4,1000.0,1000.0,1000.0,1001,1002,1001,NO DATA,NO DATA,NO DATA,NO DATA,NO DATA,NO DATA,NO DATA,NO DATA,NO DATA,NO DATA,NO DATA,NO DATA,NO DATA,NO DATA,NO DATA,42,45,43
,24-Aug-2019 07:45:00,T5.HIKA.PFE 1.Converter2,G4,999.0,1000.0,999.0,1090,1091,1090,NO DATA,NO DATA,NO DATA,NO DATA,NO DATA,NO DATA,NO DATA,NO DATA,NO DATA,NO DATA,NO DATA,NO DATA,NO DATA,NO DATA,NO DATA,44,45,44
,24-Aug-2019 07:45:00,T5.HIKA.PFE 1.Converter3,G4,1000.0,1000.0,1000.0,1067,1071,1067,NO DATA,NO DATA,NO DATA,NO DATA,NO DATA,NO DATA,NO DATA,NO DATA,NO DATA,NO DATA,NO DATA,NO DATA,NO DATA,NO DATA,NO DATA,43,45,43
,24-Aug-2019 07:45:00,T5.HIKA.PFE 1.Converter4,G4,999.0,1000.0,999.0,1002,1006,1004,NO DATA,NO DATA,NO DATA,NO DATA,NO DATA,NO DATA,NO DATA,NO DATA,NO DATA,NO DATA,NO DATA,NO DATA,NO DATA,NO DATA,NO DATA,43,44,43
,24-Aug-2019 07:45:00,T5.HIKA.PFE 1.Converter5,G4,999.0,1000.0,999.0,1001,1002,1001,NO DATA,NO DATA,NO DATA,NO DATA,NO DATA,NO DATA,NO DATA,NO DATA,NO DATA,NO DATA,NO DATA,NO DATA,NO DATA,NO DATA,NO DATA,44,45,44
,24-Aug-2019 08:00:00,B1.ASGO.PFE 1,G3,999.0,1001.0,1000.0,483,485,483,997.0,1003.0,999.0,NO DATA,NO DATA,1.0,NO DATA,NO DATA,12,NO DATA,NO DATA,NO DATA,NO DATA,NO DATA,NO DATA,NO DATA,NO DATA,NO DATA
,24-Aug-2019 08:00:00,B1.ASGO.PFE 1.Converter1,G3,999.0,1000.0,999.0,270,271,270,NO DATA,NO DATA,NO DATA,NO DATA,NO DATA,NO DATA,NO DATA,NO DATA,NO DATA,NO DATA,NO DATA,NO DATA,NO DATA,NO DATA,NO DATA,29,30,29
,24-Aug-2019 08:00:00,B1.ASGO.PFE 1.Converter2,G3,999.0,1001.0,1000.0,265,267,265,NO DATA,NO DATA,NO DATA,NO DATA,NO DATA,NO DATA,NO DATA,NO DATA,NO DATA,NO DATA,NO DATA,NO DATA,NO DATA,NO DATA,NO DATA,37,39,38
,24-Aug-2019 08:00:00,T2.NZMA.PFE 1,G4,1000.0,1001.0,1000.0,5114,5115,5114,1000.0,1001.0,1000.0,0.0,1.0,0.0,12,13,12,990.0,992.0,991.0,0.0,0.0,0.0,NO DATA,NO DATA,NO DATA
,24-Aug-2019 08:00:00,T2.NZMA.PFE 1.Converter1,G4,999.0,1000.0,999.0,1040,1044,1041,NO DATA,NO DATA,NO DATA,NO DATA,NO DATA,NO DATA,NO DATA,NO DATA,NO DATA,NO DATA,NO DATA,NO DATA,NO DATA,NO DATA,NO DATA,42,45,43
,24-Aug-2019 08:00:00,T2.NZMA.PFE 1.Converter2,G4,999.0,1000.0,999.0,1052,1053,1052,NO DATA,NO DATA,NO DATA,NO DATA,NO DATA,NO DATA,NO DATA,NO DATA,NO DATA,NO DATA,NO DATA,NO DATA,NO DATA,NO DATA,NO DATA,42,44,43
,24-Aug-2019 08:00:00,T2.NZMA.PFE 1.Converter3,G4,1000.0,1001.0,1000.0,1024,1027,1025,NO DATA,NO DATA,NO DATA,NO DATA,NO DATA,NO DATA,NO DATA,NO DATA,NO DATA,NO DATA,NO DATA,NO DATA,NO DATA,NO DATA,NO DATA,42,45,43
,24-Aug-2019 08:00:00,T2.NZMA.PFE 1.Converter4,G4,1000.0,1001.0,1000.0,999,1000,999,NO DATA,NO DATA,NO DATA,NO DATA,NO DATA,NO DATA,NO DATA,NO DATA,NO DATA,NO DATA,NO DATA,NO DATA,NO DATA,NO DATA,NO DATA,42,44,43
,24-Aug-2019 08:00:00,T2.NZMA.PFE 1.Converter5,G4,999.0,1000.0,999.0,1070,1071,1070,NO DATA,NO DATA,NO DATA,NO DATA,NO DATA,NO DATA,NO DATA,NO DATA,NO DATA,NO DATA,NO DATA,NO DATA,NO DATA,NO DATA,NO DATA,42,44,43
,24-Aug-2019 08:00:00,T3.AUSY.PFE 1,G3,999.0,1001.0,1000.0,2502,2503,2502,993.0,1005.0,998.0,NO DATA,NO DATA,1.0,NO DATA,NO DATA,13,NO DATA,NO DATA,NO DATA,NO DATA,NO DATA,NO DATA,NO DATA,NO DATA,NO DATA
,24-Aug-2019 08:00:00,T3.AUSY.PFE 1.Converter1,G3,999.0,1000.0,999.0,1259,1260,1259,NO DATA,NO DATA,NO DATA,NO DATA,NO DATA,NO DATA,NO DATA,NO DATA,NO DATA,NO DATA,NO DATA,NO DATA,NO DATA,NO DATA,NO DATA,40,42,41
,24-Aug-2019 08:00:00,T3.AUSY.PFE 1.Converter2,G3,999.0,1000.0,999.0,1293,1294,1293,NO DATA,NO DATA,NO DATA,NO DATA,NO DATA,NO DATA,NO DATA,NO DATA,NO DATA,NO DATA,NO DATA,NO DATA,NO DATA,NO DATA,NO DATA,37,38,37
,24-Aug-2019 08:00:00,T4.USPA.PFE 1,G4,998.0,1000.0,998.0,5264,5265,5264,998.0,1000.0,998.0,1.0,2.0,1.0,72,93,84,956.0,957.0,956.0,0.0,0.0,0.0,NO DATA,NO DATA,NO DATA
,24-Aug-2019 08:00:00,T4.USPA.PFE 1.Converter1,G4,997.0,999.0,998.0,1772,1774,1772,NO DATA,NO DATA,NO DATA,NO DATA,NO DATA,NO DATA,NO DATA,NO DATA,NO DATA,NO DATA,NO DATA,NO DATA,NO DATA,NO DATA,NO DATA,42,44,43
,24-Aug-2019 08:00:00,T4.USPA.PFE 1.Converter2,G4,997.0,999.0,998.0,1738,1741,1739,NO DATA,NO DATA,NO DATA,NO DATA,NO DATA,NO DATA,NO DATA,NO DATA,NO DATA,NO DATA,NO DATA,NO DATA,NO DATA,NO DATA,NO DATA,43,44,43
,24-Aug-2019 08:00:00,T4.USPA.PFE 1.Converter3,G4,996.0,999.0,997.0,1806,1808,1807,NO DATA,NO DATA,NO DATA,NO DATA,NO DATA,NO DATA,NO DATA,NO DATA,NO DATA,NO DATA,NO DATA,NO DATA,NO DATA,NO DATA,NO DATA,42,45,43
,24-Aug-2019 08:00:00,T5.HIKA.PFE 1,G4,1000.0,1000.0,1000.0,5091,5092,5091,1000.0,1000.0,1000.0,0.0,1.0,0.0,11,13,11,992.0,993.0,992.0,0.0,0.0,0.0,NO DATA,NO DATA,NO DATA
,24-Aug-2019 08:00:00,T5.HIKA.PFE 1.Converter1,G4,1000.0,1000.0,1000.0,1001,1002,1001,NO DATA,NO DATA,NO DATA,NO DATA,NO DATA,NO DATA,NO DATA,NO DATA,NO DATA,NO DATA,NO DATA,NO DATA,NO DATA,NO DATA,NO DATA,42,45,43
,24-Aug-2019 08:00:00,T5.HIKA.PFE 1.Converter2,G4,999.0,1000.0,999.0,1090,1091,1090,NO DATA,NO DATA,NO DATA,NO DATA,NO DATA,NO DATA,NO DATA,NO DATA,NO DATA,NO DATA,NO DATA,NO DATA,NO DATA,NO DATA,NO DATA,45,46,45
,24-Aug-2019 08:00:00,T5.HIKA.PFE 1.Converter3,G4,1000.0,1000.0,1000.0,1067,1071,1067,NO DATA,NO DATA,NO DATA,NO DATA,NO DATA,NO DATA,NO DATA,NO DATA,NO DATA,NO DATA,NO DATA,NO DATA,NO DATA,NO DATA,NO DATA,43,45,44
,24-Aug-2019 08:00:00,T5.HIKA.PFE 1.Converter4,G4,999.0,1000.0,999.0,1002,1006,1005,NO DATA,NO DATA,NO DATA,NO DATA,NO DATA,NO DATA,NO DATA,NO DATA,NO DATA,NO DATA,NO DATA,NO DATA,NO DATA,NO DATA,NO DATA,43,45,44
,24-Aug-2019 08:00:00,T5.HIKA.PFE 1.Converter5,G4,999.0,1000.0,999.0,1001,1002,1001,NO DATA,NO DATA,NO DATA,NO DATA,NO DATA,NO DATA,NO DATA,NO DATA,NO DATA,NO DATA,NO DATA,NO DATA,NO DATA,NO DATA,NO DATA,44,46,44
,24-Aug-2019 08:15:00,B1.ASGO.PFE 1,G3,999.0,1001.0,999.0,483,485,483,997.0,1003.0,999.0,NO DATA,NO DATA,1.0,NO DATA,NO DATA,12,NO DATA,NO DATA,NO DATA,NO DATA,NO DATA,NO DATA,NO DATA,NO DATA,NO DATA
,24-Aug-2019 08:15:00,B1.ASGO.PFE 1.Converter1,G3,999.0,1000.0,999.0,270,271,270,NO DATA,NO DATA,NO DATA,NO DATA,NO DATA,NO DATA,NO DATA,NO DATA,NO DATA,NO DATA,NO DATA,NO DATA,NO DATA,NO DATA,NO DATA,29,30,29
,24-Aug-2019 08:15:00,B1.ASGO.PFE 1.Converter2,G3,999.0,1001.0,1000.0,265,267,265,NO DATA,NO DATA,NO DATA,NO DATA,NO DATA,NO DATA,NO DATA,NO DATA,NO DATA,NO DATA,NO DATA,NO DATA,NO DATA,NO DATA,NO DATA,37,40,38
,24-Aug-2019 08:15:00,T2.NZMA.PFE 1,G4,1000.0,1001.0,1000.0,5114,5115,5114,1000.0,1001.0,1000.0,0.0,1.0,0.0,12,12,12,990.0,992.0,991.0,0.0,0.0,0.0,NO DATA,NO DATA,NO DATA
,24-Aug-2019 08:15:00,T2.NZMA.PFE 1.Converter1,G4,999.0,1000.0,999.0,1041,1045,1041,NO DATA,NO DATA,NO DATA,NO DATA,NO DATA,NO DATA,NO DATA,NO DATA,NO DATA,NO DATA,NO DATA,NO DATA,NO DATA,NO DATA,NO DATA,42,45,43
,24-Aug-2019 08:15:00,T2.NZMA.PFE 1.Converter2,G4,999.0,1000.0,999.0,1052,1053,1052,NO DATA,NO DATA,NO DATA,NO DATA,NO DATA,NO DATA,NO DATA,NO DATA,NO DATA,NO DATA,NO DATA,NO DATA,NO DATA,NO DATA,NO DATA,42,44,43
,24-Aug-2019 08:15:00,T2.NZMA.PFE 1.Converter3,G4,1000.0,1001.0,1000.0,1023,1027,1025,NO DATA,NO DATA,NO DATA,NO DATA,NO DATA,NO DATA,NO DATA,NO DATA,NO DATA,NO DATA,NO DATA,NO DATA,NO DATA,NO DATA,NO DATA,42,44,43
,24-Aug-2019 08:15:00,T2.NZMA.PFE 1.Converter4,G4,1000.0,1001.0,1000.0,999,1000,999,NO DATA,NO DATA,NO DATA,NO DATA,NO DATA,NO DATA,NO DATA,NO DATA,NO DATA,NO DATA,NO DATA,NO DATA,NO DATA,NO DATA,NO DATA,42,44,43
,24-Aug-2019 08:15:00,T2.NZMA.PFE 1.Converter5,G4,999.0,1000.0,999.0,1070,1071,1070,NO DATA,NO DATA,NO DATA,NO DATA,NO DATA,NO DATA,NO DATA,NO DATA,NO DATA,NO DATA,NO DATA,NO DATA,NO DATA,NO DATA,NO DATA,42,45,43
,24-Aug-2019 08:15:00,T3.AUSY.PFE 1,G3,999.0,1001.0,999.0,2502,2503,2502,994.0,1004.0,998.0,NO DATA,NO DATA,1.0,NO DATA,NO DATA,13,NO DATA,NO DATA,NO DATA,NO DATA,NO DATA,NO DATA,NO DATA,NO DATA,NO DATA
,24-Aug-2019 08:15:00,T3.AUSY.PFE 1.Converter1,G3,999.0,1000.0,999.0,1259,1260,1259,NO DATA,NO DATA,NO DATA,NO DATA,NO DATA,NO DATA,NO DATA,NO DATA,NO DATA,NO DATA,NO DATA,NO DATA,NO DATA,NO DATA,NO DATA,40,42,41
,24-Aug-2019 08:15:00,T3.AUSY.PFE 1.Converter2,G3,999.0,1000.0,999.0,1293,1295,1294,NO DATA,NO DATA,NO DATA,NO DATA,NO DATA,NO DATA,NO DATA,NO DATA,NO DATA,NO DATA,NO DATA,NO DATA,NO DATA,NO DATA,NO DATA,37,38,37
,24-Aug-2019 08:15:00,T4.USPA.PFE 1,G4,998.0,1000.0,998.0,5264,5265,5264,998.0,1000.0,998.0,1.0,2.0,1.0,72,93,84,956.0,957.0,956.0,0.0,0.0,0.0,NO DATA,NO DATA,NO DATA
,24-Aug-2019 08:15:00,T4.USPA.PFE 1.Converter1,G4,997.0,1000.0,998.0,1771,1774,1772,NO DATA,NO DATA,NO DATA,NO DATA,NO DATA,NO DATA,NO DATA,NO DATA,NO DATA,NO DATA,NO DATA,NO DATA,NO DATA,NO DATA,NO DATA,42,45,43
,24-Aug-2019 08:15:00,T4.USPA.PFE 1.Converter2,G4,997.0,999.0,998.0,1738,1741,1739,NO DATA,NO DATA,NO DATA,NO DATA,NO DATA,NO DATA,NO DATA,NO DATA,NO DATA,NO DATA,NO DATA,NO DATA,NO DATA,NO DATA,NO DATA,42,44,43
,24-Aug-2019 08:15:00,T4.USPA.PFE 1.Converter3,G4,997.0,999.0,997.0,1806,1808,1807,NO DATA,NO DATA,NO DATA,NO DATA,NO DATA,NO DATA,NO DATA,NO DATA,NO DATA,NO DATA,NO DATA,NO DATA,NO DATA,NO DATA,NO DATA,42,45,43
,24-Aug-2019 08:15:00,T5.HIKA.PFE 1,G4,1000.0,1000.0,1000.0,5090,5092,5090,1000.0,1000.0,1000.0,0.0,1.0,0.0,11,13,11,992.0,993.0,992.0,0.0,0.0,0.0,NO DATA,NO DATA,NO DATA
,24-Aug-2019 08:15:00,T5.HIKA.PFE 1.Converter1,G4,1000.0,1000.0,1000.0,1001,1002,1001,NO DATA,NO DATA,NO DATA,NO DATA,NO DATA,NO DATA,NO DATA,NO DATA,NO DATA,NO DATA,NO DATA,NO DATA,NO DATA,NO DATA,NO DATA,42,45,43
,24-Aug-2019 08:15:00,T5.HIKA.PFE 1.Converter2,G4,999.0,1000.0,999.0,1090,1091,1090,NO DATA,NO DATA,NO DATA,NO DATA,NO DATA,NO DATA,NO DATA,NO DATA,NO DATA,NO DATA,NO DATA,NO DATA,NO DATA,NO DATA,NO DATA,45,46,45
,24-Aug-2019 08:15:00,T5.HIKA.PFE 1.Converter3,G4,1000.0,1000.0,1000.0,1067,1069,1067,NO DATA,NO DATA,NO DATA,NO DATA,NO DATA,NO DATA,NO DATA,NO DATA,NO DATA,NO DATA,NO DATA,NO DATA,NO DATA,NO DATA,NO DATA,43,45,44
,24-Aug-2019 08:15:00,T5.HIKA.PFE 1.Converter4,G4,999.0,1000.0,999.0,1003,1007,1005,NO DATA,NO DATA,NO DATA,NO DATA,NO DATA,NO DATA,NO DATA,NO DATA,NO DATA,NO DATA,NO DATA,NO DATA,NO DATA,NO DATA,NO DATA,44,45,44
,24-Aug-2019 08:15:00,T5.HIKA.PFE 1.Converter5,G4,999.0,1000.0,999.0,1001,1002,1001,NO DATA,NO DATA,NO DATA,NO DATA,NO DATA,NO DATA,NO DATA,NO DATA,NO DATA,NO DATA,NO DATA,NO DATA,NO DATA,NO DATA,NO DATA,44,46,44
,24-Aug-2019 08:30:00,B1.ASGO.PFE 1,G3,999.0,1001.0,999.0,483,485,483,997.0,1003.0,999.0,NO DATA,NO DATA,1.0,NO DATA,NO DATA,12,NO DATA,NO DATA,NO DATA,NO DATA,NO DATA,NO DATA,NO DATA,NO DATA,NO DATA
,24-Aug-2019 08:30:00,B1.ASGO.PFE 1.Converter1,G3,999.0,1000.0,999.0,270,271,270,NO DATA,NO DATA,NO DATA,NO DATA,NO DATA,NO DATA,NO DATA,NO DATA,NO DATA,NO DATA,NO DATA,NO DATA,NO DATA,NO DATA,NO DATA,28,30,29
,24-Aug-2019 08:30:00,B1.ASGO.PFE 1.Converter2,G3,999.0,1001.0,1000.0,265,267,266,NO DATA,NO DATA,NO DATA,NO DATA,NO DATA,NO DATA,NO DATA,NO DATA,NO DATA,NO DATA,NO DATA,NO DATA,NO DATA,NO DATA,NO DATA,36,39,37
,24-Aug-2019 08:30:00,T2.NZMA.PFE 1,G4,1000.0,1001.0,1000.0,5114,5115,5114,1000.0,1001.0,1000.0,0.0,1.0,0.0,12,13,12,990.0,992.0,991.0,0.0,0.0,0.0,NO DATA,NO DATA,NO DATA
,24-Aug-2019 08:30:00,T2.NZMA.PFE 1.Converter1,G4,999.0,1000.0,999.0,1041,1044,1041,NO DATA,NO DATA,NO DATA,NO DATA,NO DATA,NO DATA,NO DATA,NO DATA,NO DATA,NO DATA,NO DATA,NO DATA,NO DATA,NO DATA,NO DATA,42,45,43
,24-Aug-2019 08:30:00,T2.NZMA.PFE 1.Converter2,G4,999.0,1000.0,999.0,1051,1053,1052,NO DATA,NO DATA,NO DATA,NO DATA,NO DATA,NO DATA,NO DATA,NO DATA,NO DATA,NO DATA,NO DATA,NO DATA,NO DATA,NO DATA,NO DATA,42,45,43
,24-Aug-2019 08:30:00,T2.NZMA.PFE 1.Converter3,G4,1000.0,1001.0,1000.0,1023,1027,1025,NO DATA,NO DATA,NO DATA,NO DATA,NO DATA,NO DATA,NO DATA,NO DATA,NO DATA,NO DATA,NO DATA,NO DATA,NO DATA,NO DATA,NO DATA,42,44,43
,24-Aug-2019 08:30:00,T2.NZMA.PFE 1.Converter4,G4,1000.0,1001.0,1000.0,999,1000,999,NO DATA,NO DATA,NO DATA,NO DATA,NO DATA,NO DATA,NO DATA,NO DATA,NO DATA,NO DATA,NO DATA,NO DATA,NO DATA,NO DATA,NO DATA,42,44,43
,24-Aug-2019 08:30:00,T2.NZMA.PFE 1.Converter5,G4,999.0,1000.0,999.0,1070,1071,1070,NO DATA,NO DATA,NO DATA,NO DATA,NO DATA,NO DATA,NO DATA,NO DATA,NO DATA,NO DATA,NO DATA,NO DATA,NO DATA,NO DATA,NO DATA,42,44,43
,24-Aug-2019 08:30:00,T3.AUSY.PFE 1,G3,999.0,1001.0,999.0,2502,2503,2502,994.0,1005.0,998.0,NO DATA,NO DATA,1.0,NO DATA,NO DATA,13,NO DATA,NO DATA,NO DATA,NO DATA,NO DATA,NO DATA,NO DATA,NO DATA,NO DATA
,24-Aug-2019 08:30:00,T3.AUSY.PFE 1.Converter1,G3,999.0,1000.0,999.0,1259,1260,1259,NO DATA,NO DATA,NO DATA,NO DATA,NO DATA,NO DATA,NO DATA,NO DATA,NO DATA,NO DATA,NO DATA,NO DATA,NO DATA,NO DATA,NO DATA,40,42,41
,24-Aug-2019 08:30:00,T3.AUSY.PFE 1.Converter2,G3,999.0,1000.0,999.0,1293,1295,1294,NO DATA,NO DATA,NO DATA,NO DATA,NO DATA,NO DATA,NO DATA,NO DATA,NO DATA,NO DATA,NO DATA,NO DATA,NO DATA,NO DATA,NO DATA,37,38,37
,24-Aug-2019 08:30:00,T4.USPA.PFE 1,G4,998.0,1000.0,998.0,5264,5266,5264,998.0,1000.0,998.0,1.0,2.0,1.0,72,93,84,956.0,958.0,956.0,0.0,0.0,0.0,NO DATA,NO DATA,NO DATA
,24-Aug-2019 08:30:00,T4.USPA.PFE 1.Converter1,G4,998.0,999.0,998.0,1772,1774,1772,NO DATA,NO DATA,NO DATA,NO DATA,NO DATA,NO DATA,NO DATA,NO DATA,NO DATA,NO DATA,NO DATA,NO DATA,NO DATA,NO DATA,NO DATA,42,44,43
,24-Aug-2019 08:30:00,T4.USPA.PFE 1.Converter2,G4,997.0,999.0,998.0,1738,1740,1738,NO DATA,NO DATA,NO DATA,NO DATA,NO DATA,NO DATA,NO DATA,NO DATA,NO DATA,NO DATA,NO DATA,NO DATA,NO DATA,NO DATA,NO DATA,43,44,43
,24-Aug-2019 08:30:00,T4.USPA.PFE 1.Converter3,G4,997.0,998.0,997.0,1806,1808,1807,NO DATA,NO DATA,NO DATA,NO DATA,NO DATA,NO DATA,NO DATA,NO DATA,NO DATA,NO DATA,NO DATA,NO DATA,NO DATA,NO DATA,NO DATA,42,45,43
,24-Aug-2019 08:30:00,T5.HIKA.PFE 1,G4,1000.0,1000.0,1000.0,5090,5092,5091,1000.0,1000.0,1000.0,0.0,1.0,0.0,11,13,11,992.0,993.0,992.0,0.0,0.0,0.0,NO DATA,NO DATA,NO DATA
,24-Aug-2019 08:30:00,T5.HIKA.PFE 1.Converter1,G4,1000.0,1000.0,1000.0,1001,1002,1001,NO DATA,NO DATA,NO DATA,NO DATA,NO DATA,NO DATA,NO DATA,NO DATA,NO DATA,NO DATA,NO DATA,NO DATA,NO DATA,NO DATA,NO DATA,42,44,43
,24-Aug-2019 08:30:00,T5.HIKA.PFE 1.Converter2,G4,999.0,1000.0,999.0,1090,1091,1090,NO DATA,NO DATA,NO DATA,NO DATA,NO DATA,NO DATA,NO DATA,NO DATA,NO DATA,NO DATA,NO DATA,NO DATA,NO DATA,NO DATA,NO DATA,45,47,45
,24-Aug-2019 08:30:00,T5.HIKA.PFE 1.Converter3,G4,1000.0,1000.0,1000.0,1067,1069,1067,NO DATA,NO DATA,NO DATA,NO DATA,NO DATA,NO DATA,NO DATA,NO DATA,NO DATA,NO DATA,NO DATA,NO DATA,NO DATA,NO DATA,NO DATA,44,45,44
,24-Aug-2019 08:30:00,T5.HIKA.PFE 1.Converter4,G4,999.0,1000.0,999.0,1004,1007,1005,NO DATA,NO DATA,NO DATA,NO DATA,NO DATA,NO DATA,NO DATA,NO DATA,NO DATA,NO DATA,NO DATA,NO DATA,NO DATA,NO DATA,NO DATA,44,45,44
,24-Aug-2019 08:30:00,T5.HIKA.PFE 1.Converter5,G4,999.0,1000.0,999.0,1001,1002,1001,NO DATA,NO DATA,NO DATA,NO DATA,NO DATA,NO DATA,NO DATA,NO DATA,NO DATA,NO DATA,NO DATA,NO DATA,NO DATA,NO DATA,NO DATA,45,46,45
,24-Aug-2019 08:45:00,B1.ASGO.PFE 1,G3,999.0,1001.0,999.0,483,485,483,997.0,1002.0,999.0,NO DATA,NO DATA,1.0,NO DATA,NO DATA,12,NO DATA,NO DATA,NO DATA,NO DATA,NO DATA,NO DATA,NO DATA,NO DATA,NO DATA
,24-Aug-2019 08:45:00,B1.ASGO.PFE 1.Converter1,G3,999.0,1000.0,999.0,270,271,270,NO DATA,NO DATA,NO DATA,NO DATA,NO DATA,NO DATA,NO DATA,NO DATA,NO DATA,NO DATA,NO DATA,NO DATA,NO DATA,NO DATA,NO DATA,27,29,27
,24-Aug-2019 08:45:00,B1.ASGO.PFE 1.Converter2,G3,999.0,1001.0,1000.0,265,267,266,NO DATA,NO DATA,NO DATA,NO DATA,NO DATA,NO DATA,NO DATA,NO DATA,NO DATA,NO DATA,NO DATA,NO DATA,NO DATA,NO DATA,NO DATA,36,39,37
,24-Aug-2019 08:45:00,T2.NZMA.PFE 1,G4,1000.0,1001.0,1000.0,5114,5115,5114,1000.0,1001.0,1000.0,0.0,1.0,0.0,12,13,12,990.0,992.0,991.0,0.0,0.0,0.0,NO DATA,NO DATA,NO DATA
,24-Aug-2019 08:45:00,T2.NZMA.PFE 1.Converter1,G4,999.0,1000.0,999.0,1040,1044,1041,NO DATA,NO DATA,NO DATA,NO DATA,NO DATA,NO DATA,NO DATA,NO DATA,NO DATA,NO DATA,NO DATA,NO DATA,NO DATA,NO DATA,NO DATA,42,45,43
,24-Aug-2019 08:45:00,T2.NZMA.PFE 1.Converter2,G4,999.0,1000.0,999.0,1052,1053,1052,NO DATA,NO DATA,NO DATA,NO DATA,NO DATA,NO DATA,NO DATA,NO DATA,NO DATA,NO DATA,NO DATA,NO DATA,NO DATA,NO DATA,NO DATA,42,44,43
,24-Aug-2019 08:45:00,T2.NZMA.PFE 1.Converter3,G4,1000.0,1001.0,1000.0,1024,1027,1026,NO DATA,NO DATA,NO DATA,NO DATA,NO DATA,NO DATA,NO DATA,NO DATA,NO DATA,NO DATA,NO DATA,NO DATA,NO DATA,NO DATA,NO DATA,42,45,43
,24-Aug-2019 08:45:00,T2.NZMA.PFE 1.Converter4,G4,1000.0,1001.0,1000.0,999,1000,999,NO DATA,NO DATA,NO DATA,NO DATA,NO DATA,NO DATA,NO DATA,NO DATA,NO DATA,NO DATA,NO DATA,NO DATA,NO DATA,NO DATA,NO DATA,42,44,43
,24-Aug-2019 08:45:00,T2.NZMA.PFE 1.Converter5,G4,999.0,1000.0,999.0,1070,1071,1070,NO DATA,NO DATA,NO DATA,NO DATA,NO DATA,NO DATA,NO DATA,NO DATA,NO DATA,NO DATA,NO DATA,NO DATA,NO DATA,NO DATA,NO DATA,42,44,43
,24-Aug-2019 08:45:00,T3.AUSY.PFE 1,G3,999.0,1001.0,1000.0,2502,2503,2502,992.0,1005.0,998.0,NO DATA,NO DATA,1.0,NO DATA,NO DATA,13,NO DATA,NO DATA,NO DATA,NO DATA,NO DATA,NO DATA,NO DATA,NO DATA,NO DATA
,24-Aug-2019 08:45:00,T3.AUSY.PFE 1.Converter1,G3,999.0,1000.0,999.0,1259,1261,1259,NO DATA,NO DATA,NO DATA,NO DATA,NO DATA,NO DATA,NO DATA,NO DATA,NO DATA,NO DATA,NO DATA,NO DATA,NO DATA,NO DATA,NO DATA,40,42,41
,24-Aug-2019 08:45:00,T3.AUSY.PFE 1.Converter2,G3,999.0,1000.0,999.0,1293,1294,1293,NO DATA,NO DATA,NO DATA,NO DATA,NO DATA,NO DATA,NO DATA,NO DATA,NO DATA,NO DATA,NO DATA,NO DATA,NO DATA,NO DATA,NO DATA,37,38,37
,24-Aug-2019 08:45:00,T4.USPA.PFE 1,G4,998.0,1000.0,998.0,5263,5264,5263,998.0,1000.0,998.0,1.0,2.0,1.0,73,93,84,956.0,957.0,956.0,0.0,0.0,0.0,NO DATA,NO DATA,NO DATA
,24-Aug-2019 08:45:00,T4.USPA.PFE 1.Converter1,G4,998.0,999.0,998.0,1772,1774,1772,NO DATA,NO DATA,NO DATA,NO DATA,NO DATA,NO DATA,NO DATA,NO DATA,NO DATA,NO DATA,NO DATA,NO DATA,NO DATA,NO DATA,NO DATA,42,44,43
,24-Aug-2019 08:45:00,T4.USPA.PFE 1.Converter2,G4,997.0,999.0,998.0,1738,1740,1738,NO DATA,NO DATA,NO DATA,NO DATA,NO DATA,NO DATA,NO DATA,NO DATA,NO DATA,NO DATA,NO DATA,NO DATA,NO DATA,NO DATA,NO DATA,42,44,43
,24-Aug-2019 08:45:00,T4.USPA.PFE 1.Converter3,G4,997.0,999.0,997.0,1806,1808,1807,NO DATA,NO DATA,NO DATA,NO DATA,NO DATA,NO DATA,NO DATA,NO DATA,NO DATA,NO DATA,NO DATA,NO DATA,NO DATA,NO DATA,NO DATA,42,45,43
,24-Aug-2019 08:45:00,T5.HIKA.PFE 1,G4,1000.0,1000.0,1000.0,5090,5091,5090,1000.0,1000.0,1000.0,0.0,1.0,0.0,11,13,11,992.0,993.0,992.0,0.0,0.0,0.0,NO DATA,NO DATA,NO DATA
,24-Aug-2019 08:45:00,T5.HIKA.PFE 1.Converter1,G4,1000.0,1000.0,1000.0,1000,1002,1001,NO DATA,NO DATA,NO DATA,NO DATA,NO DATA,NO DATA,NO DATA,NO DATA,NO DATA,NO DATA,NO DATA,NO DATA,NO DATA,NO DATA,NO DATA,42,45,43
,24-Aug-2019 08:45:00,T5.HIKA.PFE 1.Converter2,G4,999.0,1000.0,999.0,1089,1091,1090,NO DATA,NO DATA,NO DATA,NO DATA,NO DATA,NO DATA,NO DATA,NO DATA,NO DATA,NO DATA,NO DATA,NO DATA,NO DATA,NO DATA,NO DATA,42,45,43
,24-Aug-2019 08:45:00,T5.HIKA.PFE 1.Converter3,G4,999.0,1000.0,999.0,1067,1071,1067,NO DATA,NO DATA,NO DATA,NO DATA,NO DATA,NO DATA,NO DATA,NO DATA,NO DATA,NO DATA,NO DATA,NO DATA,NO DATA,NO DATA,NO DATA,42,45,43
,24-Aug-2019 08:45:00,T5.HIKA.PFE 1.Converter4,G4,999.0,1000.0,999.0,1003,1007,1005,NO DATA,NO DATA,NO DATA,NO DATA,NO DATA,NO DATA,NO DATA,NO DATA,NO DATA,NO DATA,NO DATA,NO DATA,NO DATA,NO DATA,NO DATA,42,45,43
,24-Aug-2019 08:45:00,T5.HIKA.PFE 1.Converter5,G4,999.0,1000.0,999.0,1001,1002,1001,NO DATA,NO DATA,NO DATA,NO DATA,NO DATA,NO DATA,NO DATA,NO DATA,NO DATA,NO DATA,NO DATA,NO DATA,NO DATA,NO DATA,NO DATA,42,45,43
,24-Aug-2019 09:00:00,B1.ASGO.PFE 1,G3,999.0,1001.0,1000.0,483,485,483,997.0,1003.0,999.0,NO DATA,NO DATA,1.0,NO DATA,NO DATA,12,NO DATA,NO DATA,NO DATA,NO DATA,NO DATA,NO DATA,NO DATA,NO DATA,NO DATA
,24-Aug-2019 09:00:00,B1.ASGO.PFE 1.Converter1,G3,999.0,1000.0,999.0,270,271,270,NO DATA,NO DATA,NO DATA,NO DATA,NO DATA,NO DATA,NO DATA,NO DATA,NO DATA,NO DATA,NO DATA,NO DATA,NO DATA,NO DATA,NO DATA,27,28,27
,24-Aug-2019 09:00:00,B1.ASGO.PFE 1.Converter2,G3,999.0,1001.0,1000.0,265,267,266,NO DATA,NO DATA,NO DATA,NO DATA,NO DATA,NO DATA,NO DATA,NO DATA,NO DATA,NO DATA,NO DATA,NO DATA,NO DATA,NO DATA,NO DATA,35,38,36
,24-Aug-2019 09:00:00,T2.NZMA.PFE 1,G4,1000.0,1001.0,1000.0,5114,5115,5114,1000.0,1001.0,1000.0,0.0,1.0,0.0,12,13,12,990.0,992.0,991.0,0.0,0.0,0.0,NO DATA,NO DATA,NO DATA
,24-Aug-2019 09:00:00,T2.NZMA.PFE 1.Converter1,G4,999.0,1000.0,999.0,1041,1045,1041,NO DATA,NO DATA,NO DATA,NO DATA,NO DATA,NO DATA,NO DATA,NO DATA,NO DATA,NO DATA,NO DATA,NO DATA,NO DATA,NO DATA,NO DATA,42,45,43
,24-Aug-2019 09:00:00,T2.NZMA.PFE 1.Converter2,G4,999.0,1000.0,999.0,1052,1053,1052,NO DATA,NO DATA,NO DATA,NO DATA,NO DATA,NO DATA,NO DATA,NO DATA,NO DATA,NO DATA,NO DATA,NO DATA,NO DATA,NO DATA,NO DATA,42,45,43
,24-Aug-2019 09:00:00,T2.NZMA.PFE 1.Converter3,G4,1000.0,1001.0,1000.0,1024,1027,1026,NO DATA,NO DATA,NO DATA,NO DATA,NO DATA,NO DATA,NO DATA,NO DATA,NO DATA,NO DATA,NO DATA,NO DATA,NO DATA,NO DATA,NO DATA,42,45,43
,24-Aug-2019 09:00:00,T2.NZMA.PFE 1.Converter4,G4,1000.0,1001.0,1000.0,999,1000,999,NO DATA,NO DATA,NO DATA,NO DATA,NO DATA,NO DATA,NO DATA,NO DATA,NO DATA,NO DATA,NO DATA,NO DATA,NO DATA,NO DATA,NO DATA,42,45,43
,24-Aug-2019 09:00:00,T2.NZMA.PFE 1.Converter5,G4,999.0,1000.0,999.0,1070,1072,1070,NO DATA,NO DATA,NO DATA,NO DATA,NO DATA,NO DATA,NO DATA,NO DATA,NO DATA,NO DATA,NO DATA,NO DATA,NO DATA,NO DATA,NO DATA,42,45,43
,24-Aug-2019 09:00:00,T3.AUSY.PFE 1,G3,999.0,1001.0,1000.0,2502,2503,2502,994.0,1004.0,998.0,NO DATA,NO DATA,1.0,NO DATA,NO DATA,13,NO DATA,NO DATA,NO DATA,NO DATA,NO DATA,NO DATA,NO DATA,NO DATA,NO DATA
,24-Aug-2019 09:00:00,T3.AUSY.PFE 1.Converter1,G3,999.0,1000.0,999.0,1259,1260,1259,NO DATA,NO DATA,NO DATA,NO DATA,NO DATA,NO DATA,NO DATA,NO DATA,NO DATA,NO DATA,NO DATA,NO DATA,NO DATA,NO DATA,NO DATA,39,42,41
,24-Aug-2019 09:00:00,T3.AUSY.PFE 1.Converter2,G3,999.0,1000.0,999.0,1293,1294,1293,NO DATA,NO DATA,NO DATA,NO DATA,NO DATA,NO DATA,NO DATA,NO DATA,NO DATA,NO DATA,NO DATA,NO DATA,NO DATA,NO DATA,NO DATA,37,38,37
,24-Aug-2019 09:00:00,T4.USPA.PFE 1,G4,998.0,1000.0,998.0,5263,5265,5264,998.0,1000.0,998.0,1.0,2.0,1.0,73,94,84,956.0,958.0,956.0,0.0,0.0,0.0,NO DATA,NO DATA,NO DATA
,24-Aug-2019 09:00:00,T4.USPA.PFE 1.Converter1,G4,997.0,999.0,998.0,1772,1774,1772,NO DATA,NO DATA,NO DATA,NO DATA,NO DATA,NO DATA,NO DATA,NO DATA,NO DATA,NO DATA,NO DATA,NO DATA,NO DATA,NO DATA,NO DATA,42,44,43
,24-Aug-2019 09:00:00,T4.USPA.PFE 1.Converter2,G4,997.0,999.0,998.0,1737,1740,1738,NO DATA,NO DATA,NO DATA,NO DATA,NO DATA,NO DATA,NO DATA,NO DATA,NO DATA,NO DATA,NO DATA,NO DATA,NO DATA,NO DATA,NO DATA,42,44,43
,24-Aug-2019 09:00:00,T4.USPA.PFE 1.Converter3,G4,997.0,999.0,997.0,1806,1808,1807,NO DATA,NO DATA,NO DATA,NO DATA,NO DATA,NO DATA,NO DATA,NO DATA,NO DATA,NO DATA,NO DATA,NO DATA,NO DATA,NO DATA,NO DATA,42,45,43
,24-Aug-2019 09:00:00,T5.HIKA.PFE 1,G4,1000.0,1000.0,1000.0,5089,5091,5090,1000.0,1000.0,1000.0,0.0,1.0,0.0,11,13,11,992.0,993.0,992.0,0.0,0.0,0.0,NO DATA,NO DATA,NO DATA
,24-Aug-2019 09:00:00,T5.HIKA.PFE 1.Converter1,G4,1000.0,1000.0,1000.0,1000,1002,1001,NO DATA,NO DATA,NO DATA,NO DATA,NO DATA,NO DATA,NO DATA,NO DATA,NO DATA,NO DATA,NO DATA,NO DATA,NO DATA,NO DATA,NO DATA,42,44,43
,24-Aug-2019 09:00:00,T5.HIKA.PFE 1.Converter2,G4,999.0,1000.0,999.0,1089,1091,1090,NO DATA,NO DATA,NO DATA,NO DATA,NO DATA,NO DATA,NO DATA,NO DATA,NO DATA,NO DATA,NO DATA,NO DATA,NO DATA,NO DATA,NO DATA,42,45,43
,24-Aug-2019 09:00:00,T5.HIKA.PFE 1.Converter3,G4,999.0,1000.0,999.0,1067,1072,1067,NO DATA,NO DATA,NO DATA,NO DATA,NO DATA,NO DATA,NO DATA,NO DATA,NO DATA,NO DATA,NO DATA,NO DATA,NO DATA,NO DATA,NO DATA,42,45,43
,24-Aug-2019 09:00:00,T5.HIKA.PFE 1.Converter4,G4,999.0,1000.0,999.0,1002,1007,1005,NO DATA,NO DATA,NO DATA,NO DATA,NO DATA,NO DATA,NO DATA,NO DATA,NO DATA,NO DATA,NO DATA,NO DATA,NO DATA,NO DATA,NO DATA,42,44,43
,24-Aug-2019 09:00:00,T5.HIKA.PFE 1.Converter5,G4,999.0,1000.0,999.0,1001,1002,1001,NO DATA,NO DATA,NO DATA,NO DATA,NO DATA,NO DATA,NO DATA,NO DATA,NO DATA,NO DATA,NO DATA,NO DATA,NO DATA,NO DATA,NO DATA,42,45,43
,24-Aug-2019 09:15:00,B1.ASGO.PFE 1,G3,999.0,1001.0,999.0,483,485,483,997.0,1002.0,999.0,NO DATA,NO DATA,1.0,NO DATA,NO DATA,12,NO DATA,NO DATA,NO DATA,NO DATA,NO DATA,NO DATA,NO DATA,NO DATA,NO DATA
,24-Aug-2019 09:15:00,B1.ASGO.PFE 1.Converter1,G3,999.0,1000.0,999.0,270,271,270,NO DATA,NO DATA,NO DATA,NO DATA,NO DATA,NO DATA,NO DATA,NO DATA,NO DATA,NO DATA,NO DATA,NO DATA,NO DATA,NO DATA,NO DATA,26,27,26
,24-Aug-2019 09:15:00,B1.ASGO.PFE 1.Converter2,G3,999.0,1001.0,1000.0,265,267,265,NO DATA,NO DATA,NO DATA,NO DATA,NO DATA,NO DATA,NO DATA,NO DATA,NO DATA,NO DATA,NO DATA,NO DATA,NO DATA,NO DATA,NO DATA,36,38,36
,24-Aug-2019 09:15:00,T2.NZMA.PFE 1,G4,1000.0,1001.0,1000.0,5114,5115,5114,1000.0,1001.0,1000.0,0.0,1.0,0.0,12,13,12,990.0,992.0,991.0,0.0,0.0,0.0,NO DATA,NO DATA,NO DATA
,24-Aug-2019 09:15:00,T2.NZMA.PFE 1.Converter1,G4,999.0,1000.0,999.0,1040,1044,1041,NO DATA,NO DATA,NO DATA,NO DATA,NO DATA,NO DATA,NO DATA,NO DATA,NO DATA,NO DATA,NO DATA,NO DATA,NO DATA,NO DATA,NO DATA,42,45,43
,24-Aug-2019 09:15:00,T2.NZMA.PFE 1.Converter2,G4,999.0,1000.0,999.0,1052,1053,1052,NO DATA,NO DATA,NO DATA,NO DATA,NO DATA,NO DATA,NO DATA,NO DATA,NO DATA,NO DATA,NO DATA,NO DATA,NO DATA,NO DATA,NO DATA,42,45,43
,24-Aug-2019 09:15:00,T2.NZMA.PFE 1.Converter3,G4,1000.0,1001.0,1000.0,1024,1027,1025,NO DATA,NO DATA,NO DATA,NO DATA,NO DATA,NO DATA,NO DATA,NO DATA,NO DATA,NO DATA,NO DATA,NO DATA,NO DATA,NO DATA,NO DATA,42,45,43
,24-Aug-2019 09:15:00,T2.NZMA.PFE 1.Converter4,G4,1000.0,1001.0,1000.0,999,1000,999,NO DATA,NO DATA,NO DATA,NO DATA,NO DATA,NO DATA,NO DATA,NO DATA,NO DATA,NO DATA,NO DATA,NO DATA,NO DATA,NO DATA,NO DATA,42,44,43
,24-Aug-2019 09:15:00,T2.NZMA.PFE 1.Converter5,G4,999.0,1000.0,999.0,1070,1071,1070,NO DATA,NO DATA,NO DATA,NO DATA,NO DATA,NO DATA,NO DATA,NO DATA,NO DATA,NO DATA,NO DATA,NO DATA,NO DATA,NO DATA,NO DATA,42,44,43
,24-Aug-2019 09:15:00,T3.AUSY.PFE 1,G3,999.0,1001.0,1000.0,2502,2503,2502,994.0,1005.0,998.0,NO DATA,NO DATA,1.0,NO DATA,NO DATA,13,NO DATA,NO DATA,NO DATA,NO DATA,NO DATA,NO DATA,NO DATA,NO DATA,NO DATA
,24-Aug-2019 09:15:00,T3.AUSY.PFE 1.Converter1,G3,999.0,1000.0,999.0,1259,1260,1259,NO DATA,NO DATA,NO DATA,NO DATA,NO DATA,NO DATA,NO DATA,NO DATA,NO DATA,NO DATA,NO DATA,NO DATA,NO DATA,NO DATA,NO DATA,40,42,40
,24-Aug-2019 09:15:00,T3.AUSY.PFE 1.Converter2,G3,999.0,1000.0,999.0,1293,1295,1294,NO DATA,NO DATA,NO DATA,NO DATA,NO DATA,NO DATA,NO DATA,NO DATA,NO DATA,NO DATA,NO DATA,NO DATA,NO DATA,NO DATA,NO DATA,37,38,37
,24-Aug-2019 09:15:00,T4.USPA.PFE 1,G4,998.0,1000.0,998.0,5263,5264,5263,998.0,1000.0,998.0,1.0,2.0,1.0,72,94,84,956.0,957.0,956.0,0.0,0.0,0.0,NO DATA,NO DATA,NO DATA
,24-Aug-2019 09:15:00,T4.USPA.PFE 1.Converter1,G4,997.0,999.0,998.0,1772,1774,1773,NO DATA,NO DATA,NO DATA,NO DATA,NO DATA,NO DATA,NO DATA,NO DATA,NO DATA,NO DATA,NO DATA,NO DATA,NO DATA,NO DATA,NO DATA,42,44,43
,24-Aug-2019 09:15:00,T4.USPA.PFE 1.Converter2,G4,997.0,999.0,998.0,1737,1740,1738,NO DATA,NO DATA,NO DATA,NO DATA,NO DATA,NO DATA,NO DATA,NO DATA,NO DATA,NO DATA,NO DATA,NO DATA,NO DATA,NO DATA,NO DATA,42,44,42
,24-Aug-2019 09:15:00,T4.USPA.PFE 1.Converter3,G4,996.0,999.0,997.0,1806,1808,1807,NO DATA,NO DATA,NO DATA,NO DATA,NO DATA,NO DATA,NO DATA,NO DATA,NO DATA,NO DATA,NO DATA,NO DATA,NO DATA,NO DATA,NO DATA,42,45,43
,24-Aug-2019 09:15:00,T5.HIKA.PFE 1,G4,1000.0,1000.0,1000.0,5090,5091,5090,1000.0,1000.0,1000.0,0.0,1.0,0.0,11,13,11,992.0,993.0,992.0,0.0,0.0,0.0,NO DATA,NO DATA,NO DATA
,24-Aug-2019 09:15:00,T5.HIKA.PFE 1.Converter1,G4,1000.0,1000.0,1000.0,1001,1002,1001,NO DATA,NO DATA,NO DATA,NO DATA,NO DATA,NO DATA,NO DATA,NO DATA,NO DATA,NO DATA,NO DATA,NO DATA,NO DATA,NO DATA,NO DATA,43,45,44
,24-Aug-2019 09:15:00,T5.HIKA.PFE 1.Converter2,G4,999.0,1000.0,999.0,1090,1091,1090,NO DATA,NO DATA,NO DATA,NO DATA,NO DATA,NO DATA,NO DATA,NO DATA,NO DATA,NO DATA,NO DATA,NO DATA,NO DATA,NO DATA,NO DATA,43,47,45
,24-Aug-2019 09:15:00,T5.HIKA.PFE 1.Converter3,G4,1000.0,1000.0,1000.0,1067,1069,1067,NO DATA,NO DATA,NO DATA,NO DATA,NO DATA,NO DATA,NO DATA,NO DATA,NO DATA,NO DATA,NO DATA,NO DATA,NO DATA,NO DATA,NO DATA,43,46,45
,24-Aug-2019 09:15:00,T5.HIKA.PFE 1.Converter4,G4,999.0,1000.0,999.0,1003,1007,1005,NO DATA,NO DATA,NO DATA,NO DATA,NO DATA,NO DATA,NO DATA,NO DATA,NO DATA,NO DATA,NO DATA,NO DATA,NO DATA,NO DATA,NO DATA,42,47,45
,24-Aug-2019 09:15:00,T5.HIKA.PFE 1.Converter5,G4,999.0,1000.0,999.0,1001,1002,1001,NO DATA,NO DATA,NO DATA,NO DATA,NO DATA,NO DATA,NO DATA,NO DATA,NO DATA,NO DATA,NO DATA,NO DATA,NO DATA,NO DATA,NO DATA,42,47,45
,24-Aug-2019 09:30:00,B1.ASGO.PFE 1,G3,999.0,1001.0,999.0,483,485,483,996.0,1002.0,999.0,NO DATA,NO DATA,1.0,NO DATA,NO DATA,12,NO DATA,NO DATA,NO DATA,NO DATA,NO DATA,NO DATA,NO DATA,NO DATA,NO DATA
,24-Aug-2019 09:30:00,B1.ASGO.PFE 1.Converter1,G3,999.0,1000.0,999.0,270,271,270,NO DATA,NO DATA,NO DATA,NO DATA,NO DATA,NO DATA,NO DATA,NO DATA,NO DATA,NO DATA,NO DATA,NO DATA,NO DATA,NO DATA,NO DATA,26,27,26
,24-Aug-2019 09:30:00,B1.ASGO.PFE 1.Converter2,G3,999.0,1001.0,1000.0,265,267,265,NO DATA,NO DATA,NO DATA,NO DATA,NO DATA,NO DATA,NO DATA,NO DATA,NO DATA,NO DATA,NO DATA,NO DATA,NO DATA,NO DATA,NO DATA,35,38,36
,24-Aug-2019 09:30:00,T2.NZMA.PFE 1,G4,1000.0,1001.0,1000.0,5114,5115,5114,1000.0,1001.0,1000.0,0.0,1.0,0.0,12,13,12,990.0,992.0,991.0,0.0,0.0,0.0,NO DATA,NO DATA,NO DATA
,24-Aug-2019 09:30:00,T2.NZMA.PFE 1.Converter1,G4,999.0,1000.0,999.0,1041,1044,1041,NO DATA,NO DATA,NO DATA,NO DATA,NO DATA,NO DATA,NO DATA,NO DATA,NO DATA,NO DATA,NO DATA,NO DATA,NO DATA,NO DATA,NO DATA,42,45,43
,24-Aug-2019 09:30:00,T2.NZMA.PFE 1.Converter2,G4,999.0,1000.0,999.0,1052,1053,1052,NO DATA,NO DATA,NO DATA,NO DATA,NO DATA,NO DATA,NO DATA,NO DATA,NO DATA,NO DATA,NO DATA,NO DATA,NO DATA,NO DATA,NO DATA,42,44,43
,24-Aug-2019 09:30:00,T2.NZMA.PFE 1.Converter3,G4,1000.0,1001.0,1000.0,1023,1027,1026,NO DATA,NO DATA,NO DATA,NO DATA,NO DATA,NO DATA,NO DATA,NO DATA,NO DATA,NO DATA,NO DATA,NO DATA,NO DATA,NO DATA,NO DATA,42,44,43
,24-Aug-2019 09:30:00,T2.NZMA.PFE 1.Converter4,G4,1000.0,1001.0,1000.0,999,1000,999,NO DATA,NO DATA,NO DATA,NO DATA,NO DATA,NO DATA,NO DATA,NO DATA,NO DATA,NO DATA,NO DATA,NO DATA,NO DATA,NO DATA,NO DATA,42,44,43
,24-Aug-2019 09:30:00,T2.NZMA.PFE 1.Converter5,G4,999.0,1000.0,999.0,1070,1071,1070,NO DATA,NO DATA,NO DATA,NO DATA,NO DATA,NO DATA,NO DATA,NO DATA,NO DATA,NO DATA,NO DATA,NO DATA,NO DATA,NO DATA,NO DATA,42,44,43
,24-Aug-2019 09:30:00,T3.AUSY.PFE 1,G3,999.0,1001.0,1000.0,2502,2503,2502,992.0,1005.0,998.0,NO DATA,NO DATA,1.0,NO DATA,NO DATA,13,NO DATA,NO DATA,NO DATA,NO DATA,NO DATA,NO DATA,NO DATA,NO DATA,NO DATA
,24-Aug-2019 09:30:00,T3.AUSY.PFE 1.Converter1,G3,999.0,1000.0,999.0,1259,1261,1259,NO DATA,NO DATA,NO DATA,NO DATA,NO DATA,NO DATA,NO DATA,NO DATA,NO DATA,NO DATA,NO DATA,NO DATA,NO DATA,NO DATA,NO DATA,39,42,40
,24-Aug-2019 09:30:00,T3.AUSY.PFE 1.Converter2,G3,999.0,1000.0,999.0,1293,1295,1293,NO DATA,NO DATA,NO DATA,NO DATA,NO DATA,NO DATA,NO DATA,NO DATA,NO DATA,NO DATA,NO DATA,NO DATA,NO DATA,NO DATA,NO DATA,37,38,37
,24-Aug-2019 09:30:00,T4.USPA.PFE 1,G4,998.0,1000.0,998.0,5263,5264,5263,998.0,1000.0,998.0,1.0,2.0,1.0,72,93,84,956.0,958.0,956.0,0.0,0.0,0.0,NO DATA,NO DATA,NO DATA
,24-Aug-2019 09:30:00,T4.USPA.PFE 1.Converter1,G4,997.0,1000.0,998.0,1771,1774,1772,NO DATA,NO DATA,NO DATA,NO DATA,NO DATA,NO DATA,NO DATA,NO DATA,NO DATA,NO DATA,NO DATA,NO DATA,NO DATA,NO DATA,NO DATA,42,45,43
,24-Aug-2019 09:30:00,T4.USPA.PFE 1.Converter2,G4,997.0,999.0,998.0,1737,1740,1738,NO DATA,NO DATA,NO DATA,NO DATA,NO DATA,NO DATA,NO DATA,NO DATA,NO DATA,NO DATA,NO DATA,NO DATA,NO DATA,NO DATA,NO DATA,42,44,43
,24-Aug-2019 09:30:00,T4.USPA.PFE 1.Converter3,G4,996.0,999.0,997.0,1806,1808,1807,NO DATA,NO DATA,NO DATA,NO DATA,NO DATA,NO DATA,NO DATA,NO DATA,NO DATA,NO DATA,NO DATA,NO DATA,NO DATA,NO DATA,NO DATA,42,45,43
,24-Aug-2019 09:30:00,T5.HIKA.PFE 1,G4,1000.0,1000.0,1000.0,5090,5091,5090,1000.0,1000.0,1000.0,0.0,1.0,0.0,11,13,11,991.0,993.0,992.0,0.0,0.0,0.0,NO DATA,NO DATA,NO DATA
,24-Aug-2019 09:30:00,T5.HIKA.PFE 1.Converter1,G4,1000.0,1000.0,1000.0,1001,1002,1001,NO DATA,NO DATA,NO DATA,NO DATA,NO DATA,NO DATA,NO DATA,NO DATA,NO DATA,NO DATA,NO DATA,NO DATA,NO DATA,NO DATA,NO DATA,42,44,43
,24-Aug-2019 09:30:00,T5.HIKA.PFE 1.Converter2,G4,999.0,1000.0,999.0,1089,1091,1090,NO DATA,NO DATA,NO DATA,NO DATA,NO DATA,NO DATA,NO DATA,NO DATA,NO DATA,NO DATA,NO DATA,NO DATA,NO DATA,NO DATA,NO DATA,44,47,45
,24-Aug-2019 09:30:00,T5.HIKA.PFE 1.Converter3,G4,999.0,1000.0,999.0,1067,1069,1067,NO DATA,NO DATA,NO DATA,NO DATA,NO DATA,NO DATA,NO DATA,NO DATA,NO DATA,NO DATA,NO DATA,NO DATA,NO DATA,NO DATA,NO DATA,43,46,44
,24-Aug-2019 09:30:00,T5.HIKA.PFE 1.Converter4,G4,999.0,1000.0,999.0,1004,1007,1005,NO DATA,NO DATA,NO DATA,NO DATA,NO DATA,NO DATA,NO DATA,NO DATA,NO DATA,NO DATA,NO DATA,NO DATA,NO DATA,NO DATA,NO DATA,43,46,44
,24-Aug-2019 09:30:00,T5.HIKA.PFE 1.Converter5,G4,999.0,1000.0,999.0,1001,1002,1001,NO DATA,NO DATA,NO DATA,NO DATA,NO DATA,NO DATA,NO DATA,NO DATA,NO DATA,NO DATA,NO DATA,NO DATA,NO DATA,NO DATA,NO DATA,43,47,45
,24-Aug-2019 09:45:00,B1.ASGO.PFE 1,G3,999.0,1001.0,999.0,483,485,483,997.0,1002.0,999.0,NO DATA,NO DATA,1.0,NO DATA,NO DATA,12,NO DATA,NO DATA,NO DATA,NO DATA,NO DATA,NO DATA,NO DATA,NO DATA,NO DATA
,24-Aug-2019 09:45:00,B1.ASGO.PFE 1.Converter1,G3,999.0,1000.0,999.0,270,271,270,NO DATA,NO DATA,NO DATA,NO DATA,NO DATA,NO DATA,NO DATA,NO DATA,NO DATA,NO DATA,NO DATA,NO DATA,NO DATA,NO DATA,NO DATA,26,28,27
,24-Aug-2019 09:45:00,B1.ASGO.PFE 1.Converter2,G3,999.0,1001.0,1000.0,265,267,265,NO DATA,NO DATA,NO DATA,NO DATA,NO DATA,NO DATA,NO DATA,NO DATA,NO DATA,NO DATA,NO DATA,NO DATA,NO DATA,NO DATA,NO DATA,35,38,36
,24-Aug-2019 09:45:00,T2.NZMA.PFE 1,G4,1000.0,1001.0,1000.0,5114,5115,5114,1000.0,1001.0,1000.0,0.0,1.0,0.0,12,13,12,990.0,992.0,991.0,0.0,0.0,0.0,NO DATA,NO DATA,NO DATA
,24-Aug-2019 09:45:00,T2.NZMA.PFE 1.Converter1,G4,999.0,1000.0,999.0,1041,1045,1041,NO DATA,NO DATA,NO DATA,NO DATA,NO DATA,NO DATA,NO DATA,NO DATA,NO DATA,NO DATA,NO DATA,NO DATA,NO DATA,NO DATA,NO DATA,42,45,43
,24-Aug-2019 09:45:00,T2.NZMA.PFE 1.Converter2,G4,999.0,1000.0,999.0,1052,1053,1052,NO DATA,NO DATA,NO DATA,NO DATA,NO DATA,NO DATA,NO DATA,NO DATA,NO DATA,NO DATA,NO DATA,NO DATA,NO DATA,NO DATA,NO DATA,42,44,43
,24-Aug-2019 09:45:00,T2.NZMA.PFE 1.Converter3,G4,1000.0,1000.0,1000.0,1023,1027,1026,NO DATA,NO DATA,NO DATA,NO DATA,NO DATA,NO DATA,NO DATA,NO DATA,NO DATA,NO DATA,NO DATA,NO DATA,NO DATA,NO DATA,NO DATA,42,45,43
,24-Aug-2019 09:45:00,T2.NZMA.PFE 1.Converter4,G4,1000.0,1001.0,1000.0,999,1000,999,NO DATA,NO DATA,NO DATA,NO DATA,NO DATA,NO DATA,NO DATA,NO DATA,NO DATA,NO DATA,NO DATA,NO DATA,NO DATA,NO DATA,NO DATA,42,44,43
,24-Aug-2019 09:45:00,T2.NZMA.PFE 1.Converter5,G4,999.0,1000.0,999.0,1070,1071,1070,NO DATA,NO DATA,NO DATA,NO DATA,NO DATA,NO DATA,NO DATA,NO DATA,NO DATA,NO DATA,NO DATA,NO DATA,NO DATA,NO DATA,NO DATA,42,44,43
,24-Aug-2019 09:45:00,T3.AUSY.PFE 1,G3,999.0,1001.0,1000.0,2502,2503,2502,994.0,1004.0,998.0,NO DATA,NO DATA,1.0,NO DATA,NO DATA,13,NO DATA,NO DATA,NO DATA,NO DATA,NO DATA,NO DATA,NO DATA,NO DATA,NO DATA
,24-Aug-2019 09:45:00,T3.AUSY.PFE 1.Converter1,G3,999.0,1000.0,999.0,1259,1260,1259,NO DATA,NO DATA,NO DATA,NO DATA,NO DATA,NO DATA,NO DATA,NO DATA,NO DATA,NO DATA,NO DATA,NO DATA,NO DATA,NO DATA,NO DATA,40,42,41
,24-Aug-2019 09:45:00,T3.AUSY.PFE 1.Converter2,G3,999.0,1000.0,999.0,1293,1295,1293,NO DATA,NO DATA,NO DATA,NO DATA,NO DATA,NO DATA,NO DATA,NO DATA,NO DATA,NO DATA,NO DATA,NO DATA,NO DATA,NO DATA,NO DATA,37,38,37
,24-Aug-2019 09:45:00,T4.USPA.PFE 1,G4,998.0,1000.0,998.0,5263,5264,5263,998.0,1000.0,998.0,1.0,2.0,1.0,72,94,84,956.0,958.0,956.0,0.0,0.0,0.0,NO DATA,NO DATA,NO DATA
,24-Aug-2019 09:45:00,T4.USPA.PFE 1.Converter1,G4,998.0,999.0,998.0,1772,1774,1772,NO DATA,NO DATA,NO DATA,NO DATA,NO DATA,NO DATA,NO DATA,NO DATA,NO DATA,NO DATA,NO DATA,NO DATA,NO DATA,NO DATA,NO DATA,42,44,43
,24-Aug-2019 09:45:00,T4.USPA.PFE 1.Converter2,G4,997.0,999.0,998.0,1738,1740,1738,NO DATA,NO DATA,NO DATA,NO DATA,NO DATA,NO DATA,NO DATA,NO DATA,NO DATA,NO DATA,NO DATA,NO DATA,NO DATA,NO DATA,NO DATA,42,44,42
,24-Aug-2019 09:45:00,T4.USPA.PFE 1.Converter3,G4,997.0,998.0,997.0,1805,1808,1807,NO DATA,NO DATA,NO DATA,NO DATA,NO DATA,NO DATA,NO DATA,NO DATA,NO DATA,NO DATA,NO DATA,NO DATA,NO DATA,NO DATA,NO DATA,42,45,43
,24-Aug-2019 09:45:00,T5.HIKA.PFE 1,G4,1000.0,1000.0,1000.0,5090,5091,5090,1000.0,1000.0,1000.0,0.0,1.0,0.0,11,13,11,992.0,993.0,992.0,0.0,0.0,0.0,NO DATA,NO DATA,NO DATA
,24-Aug-2019 09:45:00,T5.HIKA.PFE 1.Converter1,G4,1000.0,1000.0,1000.0,1000,1002,1001,NO DATA,NO DATA,NO DATA,NO DATA,NO DATA,NO DATA,NO DATA,NO DATA,NO DATA,NO DATA,NO DATA,NO DATA,NO DATA,NO DATA,NO DATA,42,45,43
,24-Aug-2019 09:45:00,T5.HIKA.PFE 1.Converter2,G4,999.0,1000.0,999.0,1089,1091,1090,NO DATA,NO DATA,NO DATA,NO DATA,NO DATA,NO DATA,NO DATA,NO DATA,NO DATA,NO DATA,NO DATA,NO DATA,NO DATA,NO DATA,NO DATA,43,45,43
,24-Aug-2019 09:45:00,T5.HIKA.PFE 1.Converter3,G4,999.0,1000.0,999.0,1067,1070,1067,NO DATA,NO DATA,NO DATA,NO DATA,NO DATA,NO DATA,NO DATA,NO DATA,NO DATA,NO DATA,NO DATA,NO DATA,NO DATA,NO DATA,NO DATA,42,45,43
,24-Aug-2019 09:45:00,T5.HIKA.PFE 1.Converter4,G4,999.0,1000.0,999.0,1003,1006,1004,NO DATA,NO DATA,NO DATA,NO DATA,NO DATA,NO DATA,NO DATA,NO DATA,NO DATA,NO DATA,NO DATA,NO DATA,NO DATA,NO DATA,NO DATA,42,45,43
,24-Aug-2019 09:45:00,T5.HIKA.PFE 1.Converter5,G4,999.0,1000.0,999.0,1001,1002,1001,NO DATA,NO DATA,NO DATA,NO DATA,NO DATA,NO DATA,NO DATA,NO DATA,NO DATA,NO DATA,NO DATA,NO DATA,NO DATA,NO DATA,NO DATA,43,44,43
,24-Aug-2019 10:00:00,B1.ASGO.PFE 1,G3,999.0,1001.0,999.0,483,485,483,996.0,1003.0,999.0,NO DATA,NO DATA,1.0,NO DATA,NO DATA,12,NO DATA,NO DATA,NO DATA,NO DATA,NO DATA,NO DATA,NO DATA,NO DATA,NO DATA
,24-Aug-2019 10:00:00,B1.ASGO.PFE 1.Converter1,G3,999.0,1000.0,999.0,270,271,270,NO DATA,NO DATA,NO DATA,NO DATA,NO DATA,NO DATA,NO DATA,NO DATA,NO DATA,NO DATA,NO DATA,NO DATA,NO DATA,NO DATA,NO DATA,28,29,28
,24-Aug-2019 10:00:00,B1.ASGO.PFE 1.Converter2,G3,999.0,1001.0,1000.0,265,267,265,NO DATA,NO DATA,NO DATA,NO DATA,NO DATA,NO DATA,NO DATA,NO DATA,NO DATA,NO DATA,NO DATA,NO DATA,NO DATA,NO DATA,NO DATA,36,39,37
,24-Aug-2019 10:00:00,T2.NZMA.PFE 1,G4,1000.0,1001.0,1000.0,5114,5115,5114,1000.0,1001.0,1000.0,0.0,1.0,0.0,12,13,12,990.0,992.0,991.0,0.0,0.0,0.0,NO DATA,NO DATA,NO DATA
,24-Aug-2019 10:00:00,T2.NZMA.PFE 1.Converter1,G4,999.0,1000.0,999.0,1040,1044,1041,NO DATA,NO DATA,NO DATA,NO DATA,NO DATA,NO DATA,NO DATA,NO DATA,NO DATA,NO DATA,NO DATA,NO DATA,NO DATA,NO DATA,NO DATA,42,45,43
,24-Aug-2019 10:00:00,T2.NZMA.PFE 1.Converter2,G4,999.0,1000.0,999.0,1052,1053,1052,NO DATA,NO DATA,NO DATA,NO DATA,NO DATA,NO DATA,NO DATA,NO DATA,NO DATA,NO DATA,NO DATA,NO DATA,NO DATA,NO DATA,NO DATA,42,44,43
,24-Aug-2019 10:00:00,T2.NZMA.PFE 1.Converter3,G4,1000.0,1001.0,1000.0,1023,1027,1025,NO DATA,NO DATA,NO DATA,NO DATA,NO DATA,NO DATA,NO DATA,NO DATA,NO DATA,NO DATA,NO DATA,NO DATA,NO DATA,NO DATA,NO DATA,42,45,43
,24-Aug-2019 10:00:00,T2.NZMA.PFE 1.Converter4,G4,1000.0,1001.0,1000.0,999,1000,999,NO DATA,NO DATA,NO DATA,NO DATA,NO DATA,NO DATA,NO DATA,NO DATA,NO DATA,NO DATA,NO DATA,NO DATA,NO DATA,NO DATA,NO DATA,42,44,43
,24-Aug-2019 10:00:00,T2.NZMA.PFE 1.Converter5,G4,999.0,1000.0,999.0,1070,1071,1070,NO DATA,NO DATA,NO DATA,NO DATA,NO DATA,NO DATA,NO DATA,NO DATA,NO DATA,NO DATA,NO DATA,NO DATA,NO DATA,NO DATA,NO DATA,42,45,43
,24-Aug-2019 10:00:00,T3.AUSY.PFE 1,G3,999.0,1001.0,1000.0,2501,2503,2502,992.0,1004.0,998.0,NO DATA,NO DATA,1.0,NO DATA,NO DATA,13,NO DATA,NO DATA,NO DATA,NO DATA,NO DATA,NO DATA,NO DATA,NO DATA,NO DATA
,24-Aug-2019 10:00:00,T3.AUSY.PFE 1.Converter1,G3,999.0,1001.0,999.0,1259,1260,1259,NO DATA,NO DATA,NO DATA,NO DATA,NO DATA,NO DATA,NO DATA,NO DATA,NO DATA,NO DATA,NO DATA,NO DATA,NO DATA,NO DATA,NO DATA,39,42,40
,24-Aug-2019 10:00:00,T3.AUSY.PFE 1.Converter2,G3,999.0,1000.0,999.0,1293,1294,1293,NO DATA,NO DATA,NO DATA,NO DATA,NO DATA,NO DATA,NO DATA,NO DATA,NO DATA,NO DATA,NO DATA,NO DATA,NO DATA,NO DATA,NO DATA,37,38,37
,24-Aug-2019 10:00:00,T4.USPA.PFE 1,G4,998.0,1000.0,998.0,5263,5265,5264,998.0,1000.0,998.0,1.0,2.0,1.0,73,94,84,956.0,958.0,956.0,0.0,0.0,0.0,NO DATA,NO DATA,NO DATA
,24-Aug-2019 10:00:00,T4.USPA.PFE 1.Converter1,G4,997.0,999.0,998.0,1772,1774,1772,NO DATA,NO DATA,NO DATA,NO DATA,NO DATA,NO DATA,NO DATA,NO DATA,NO DATA,NO DATA,NO DATA,NO DATA,NO DATA,NO DATA,NO DATA,42,44,43
,24-Aug-2019 10:00:00,T4.USPA.PFE 1.Converter2,G4,997.0,999.0,998.0,1738,1741,1739,NO DATA,NO DATA,NO DATA,NO DATA,NO DATA,NO DATA,NO DATA,NO DATA,NO DATA,NO DATA,NO DATA,NO DATA,NO DATA,NO DATA,NO DATA,42,44,43
,24-Aug-2019 10:00:00,T4.USPA.PFE 1.Converter3,G4,997.0,998.0,997.0,1806,1808,1807,NO DATA,NO DATA,NO DATA,NO DATA,NO DATA,NO DATA,NO DATA,NO DATA,NO DATA,NO DATA,NO DATA,NO DATA,NO DATA,NO DATA,NO DATA,42,45,43
,24-Aug-2019 10:00:00,T5.HIKA.PFE 1,G4,1000.0,1000.0,1000.0,5089,5091,5089,1000.0,1000.0,1000.0,0.0,1.0,0.0,11,13,11,992.0,993.0,992.0,0.0,0.0,0.0,NO DATA,NO DATA,NO DATA
,24-Aug-2019 10:00:00,T5.HIKA.PFE 1.Converter1,G4,1000.0,1000.0,1000.0,1001,1002,1001,NO DATA,NO DATA,NO DATA,NO DATA,NO DATA,NO DATA,NO DATA,NO DATA,NO DATA,NO DATA,NO DATA,NO DATA,NO DATA,NO DATA,NO DATA,42,45,43
,24-Aug-2019 10:00:00,T5.HIKA.PFE 1.Converter2,G4,999.0,1000.0,999.0,1089,1091,1090,NO DATA,NO DATA,NO DATA,NO DATA,NO DATA,NO DATA,NO DATA,NO DATA,NO DATA,NO DATA,NO DATA,NO DATA,NO DATA,NO DATA,NO DATA,43,45,43
,24-Aug-2019 10:00:00,T5.HIKA.PFE 1.Converter3,G4,1000.0,1000.0,1000.0,1067,1070,1067,NO DATA,NO DATA,NO DATA,NO DATA,NO DATA,NO DATA,NO DATA,NO DATA,NO DATA,NO DATA,NO DATA,NO DATA,NO DATA,NO DATA,NO DATA,43,45,43
,24-Aug-2019 10:00:00,T5.HIKA.PFE 1.Converter4,G4,999.0,1000.0,999.0,1002,1006,1004,NO DATA,NO DATA,NO DATA,NO DATA,NO DATA,NO DATA,NO DATA,NO DATA,NO DATA,NO DATA,NO DATA,NO DATA,NO DATA,NO DATA,NO DATA,42,45,43
,24-Aug-2019 10:00:00,T5.HIKA.PFE 1.Converter5,G4,999.0,1000.0,999.0,1001,1002,1001,NO DATA,NO DATA,NO DATA,NO DATA,NO DATA,NO DATA,NO DATA,NO DATA,NO DATA,NO DATA,NO DATA,NO DATA,NO DATA,NO DATA,NO DATA,43,44,43
,24-Aug-2019 10:15:00,B1.ASGO.PFE 1,G3,999.0,1001.0,999.0,483,485,483,997.0,1002.0,999.0,NO DATA,NO DATA,1.0,NO DATA,NO DATA,12,NO DATA,NO DATA,NO DATA,NO DATA,NO DATA,NO DATA,NO DATA,NO DATA,NO DATA
,24-Aug-2019 10:15:00,B1.ASGO.PFE 1.Converter1,G3,999.0,1000.0,999.0,270,271,270,NO DATA,NO DATA,NO DATA,NO DATA,NO DATA,NO DATA,NO DATA,NO DATA,NO DATA,NO DATA,NO DATA,NO DATA,NO DATA,NO DATA,NO DATA,29,30,29
,24-Aug-2019 10:15:00,B1.ASGO.PFE 1.Converter2,G3,999.0,1001.0,1000.0,265,267,265,NO DATA,NO DATA,NO DATA,NO DATA,NO DATA,NO DATA,NO DATA,NO DATA,NO DATA,NO DATA,NO DATA,NO DATA,NO DATA,NO DATA,NO DATA,37,39,37
,24-Aug-2019 10:15:00,T2.NZMA.PFE 1,G4,1000.0,1001.0,1000.0,5114,5115,5114,1000.0,1001.0,1000.0,0.0,1.0,0.0,12,12,12,990.0,992.0,991.0,0.0,0.0,0.0,NO DATA,NO DATA,NO DATA
,24-Aug-2019 10:15:00,T2.NZMA.PFE 1.Converter1,G4,999.0,1000.0,999.0,1041,1044,1041,NO DATA,NO DATA,NO DATA,NO DATA,NO DATA,NO DATA,NO DATA,NO DATA,NO DATA,NO DATA,NO DATA,NO DATA,NO DATA,NO DATA,NO DATA,42,45,43
,24-Aug-2019 10:15:00,T2.NZMA.PFE 1.Converter2,G4,999.0,1000.0,999.0,1052,1053,1052,NO DATA,NO DATA,NO DATA,NO DATA,NO DATA,NO DATA,NO DATA,NO DATA,NO DATA,NO DATA,NO DATA,NO DATA,NO DATA,NO DATA,NO DATA,42,44,43
,24-Aug-2019 10:15:00,T2.NZMA.PFE 1.Converter3,G4,1000.0,1001.0,1000.0,1023,1027,1025,NO DATA,NO DATA,NO DATA,NO DATA,NO DATA,NO DATA,NO DATA,NO DATA,NO DATA,NO DATA,NO DATA,NO DATA,NO DATA,NO DATA,NO DATA,42,44,43
,24-Aug-2019 10:15:00,T2.NZMA.PFE 1.Converter4,G4,1000.0,1001.0,1000.0,999,1000,999,NO DATA,NO DATA,NO DATA,NO DATA,NO DATA,NO DATA,NO DATA,NO DATA,NO DATA,NO DATA,NO DATA,NO DATA,NO DATA,NO DATA,NO DATA,42,45,43
,24-Aug-2019 10:15:00,T2.NZMA.PFE 1.Converter5,G4,999.0,1000.0,999.0,1070,1071,1070,NO DATA,NO DATA,NO DATA,NO DATA,NO DATA,NO DATA,NO DATA,NO DATA,NO DATA,NO DATA,NO DATA,NO DATA,NO DATA,NO DATA,NO DATA,42,44,43
,24-Aug-2019 10:15:00,T3.AUSY.PFE 1,G3,999.0,1001.0,1000.0,2501,2502,2501,994.0,1004.0,998.0,NO DATA,NO DATA,1.0,NO DATA,NO DATA,13,NO DATA,NO DATA,NO DATA,NO DATA,NO DATA,NO DATA,NO DATA,NO DATA,NO DATA
,24-Aug-2019 10:15:00,T3.AUSY.PFE 1.Converter1,G3,999.0,1000.0,999.0,1258,1260,1259,NO DATA,NO DATA,NO DATA,NO DATA,NO DATA,NO DATA,NO DATA,NO DATA,NO DATA,NO DATA,NO DATA,NO DATA,NO DATA,NO DATA,NO DATA,39,42,40
,24-Aug-2019 10:15:00,T3.AUSY.PFE 1.Converter2,G3,999.0,1000.0,999.0,1293,1294,1293,NO DATA,NO DATA,NO DATA,NO DATA,NO DATA,NO DATA,NO DATA,NO DATA,NO DATA,NO DATA,NO DATA,NO DATA,NO DATA,NO DATA,NO DATA,37,38,37
,24-Aug-2019 10:15:00,T4.USPA.PFE 1,G4,998.0,1000.0,998.0,5264,5266,5264,998.0,1000.0,998.0,1.0,2.0,1.0,73,94,84,956.0,958.0,956.0,0.0,0.0,0.0,NO DATA,NO DATA,NO DATA
,24-Aug-2019 10:15:00,T4.USPA.PFE 1.Converter1,G4,997.0,999.0,998.0,1772,1774,1772,NO DATA,NO DATA,NO DATA,NO DATA,NO DATA,NO DATA,NO DATA,NO DATA,NO DATA,NO DATA,NO DATA,NO DATA,NO DATA,NO DATA,NO DATA,42,44,43
,24-Aug-2019 10:15:00,T4.USPA.PFE 1.Converter2,G4,997.0,999.0,998.0,1738,1741,1739,NO DATA,NO DATA,NO DATA,NO DATA,NO DATA,NO DATA,NO DATA,NO DATA,NO DATA,NO DATA,NO DATA,NO DATA,NO DATA,NO DATA,NO DATA,43,44,43
,24-Aug-2019 10:15:00,T4.USPA.PFE 1.Converter3,G4,997.0,998.0,997.0,1806,1808,1807,NO DATA,NO DATA,NO DATA,NO DATA,NO DATA,NO DATA,NO DATA,NO DATA,NO DATA,NO DATA,NO DATA,NO DATA,NO DATA,NO DATA,NO DATA,42,45,43
,24-Aug-2019 10:15:00,T5.HIKA.PFE 1,G4,1000.0,1000.0,1000.0,5089,5090,5089,1000.0,1000.0,1000.0,0.0,1.0,0.0,11,13,11,992.0,993.0,992.0,0.0,0.0,0.0,NO DATA,NO DATA,NO DATA
,24-Aug-2019 10:15:00,T5.HIKA.PFE 1.Converter1,G4,1000.0,1000.0,1000.0,1000,1002,1001,NO DATA,NO DATA,NO DATA,NO DATA,NO DATA,NO DATA,NO DATA,NO DATA,NO DATA,NO DATA,NO DATA,NO DATA,NO DATA,NO DATA,NO DATA,42,44,43
,24-Aug-2019 10:15:00,T5.HIKA.PFE 1.Converter2,G4,999.0,1000.0,999.0,1089,1091,1090,NO DATA,NO DATA,NO DATA,NO DATA,NO DATA,NO DATA,NO DATA,NO DATA,NO DATA,NO DATA,NO DATA,NO DATA,NO DATA,NO DATA,NO DATA,44,45,44
,24-Aug-2019 10:15:00,T5.HIKA.PFE 1.Converter3,G4,1000.0,1000.0,1000.0,1067,1071,1067,NO DATA,NO DATA,NO DATA,NO DATA,NO DATA,NO DATA,NO DATA,NO DATA,NO DATA,NO DATA,NO DATA,NO DATA,NO DATA,NO DATA,NO DATA,43,44,43
,24-Aug-2019 10:15:00,T5.HIKA.PFE 1.Converter4,G4,999.0,1000.0,999.0,1003,1006,1004,NO DATA,NO DATA,NO DATA,NO DATA,NO DATA,NO DATA,NO DATA,NO DATA,NO DATA,NO DATA,NO DATA,NO DATA,NO DATA,NO DATA,NO DATA,43,44,43
,24-Aug-2019 10:15:00,T5.HIKA.PFE 1.Converter5,G4,999.0,1000.0,999.0,1001,1002,1001,NO DATA,NO DATA,NO DATA,NO DATA,NO DATA,NO DATA,NO DATA,NO DATA,NO DATA,NO DATA,NO DATA,NO DATA,NO DATA,NO DATA,NO DATA,44,45,44
,24-Aug-2019 10:30:00,B1.ASGO.PFE 1,G3,999.0,1001.0,1000.0,483,485,483,996.0,1002.0,999.0,NO DATA,NO DATA,1.0,NO DATA,NO DATA,12,NO DATA,NO DATA,NO DATA,NO DATA,NO DATA,NO DATA,NO DATA,NO DATA,NO DATA
,24-Aug-2019 10:30:00,B1.ASGO.PFE 1.Converter1,G3,999.0,1000.0,999.0,270,271,270,NO DATA,NO DATA,NO DATA,NO DATA,NO DATA,NO DATA,NO DATA,NO DATA,NO DATA,NO DATA,NO DATA,NO DATA,NO DATA,NO DATA,NO DATA,29,30,29
,24-Aug-2019 10:30:00,B1.ASGO.PFE 1.Converter2,G3,999.0,1001.0,1000.0,265,266,265,NO DATA,NO DATA,NO DATA,NO DATA,NO DATA,NO DATA,NO DATA,NO DATA,NO DATA,NO DATA,NO DATA,NO DATA,NO DATA,NO DATA,NO DATA,37,39,38
,24-Aug-2019 10:30:00,T2.NZMA.PFE 1,G4,1000.0,1001.0,1000.0,5114,5115,5114,1000.0,1001.0,1000.0,0.0,1.0,0.0,12,13,12,990.0,992.0,991.0,0.0,0.0,0.0,NO DATA,NO DATA,NO DATA
,24-Aug-2019 10:30:00,T2.NZMA.PFE 1.Converter1,G4,999.0,1000.0,999.0,1041,1045,1042,NO DATA,NO DATA,NO DATA,NO DATA,NO DATA,NO DATA,NO DATA,NO DATA,NO DATA,NO DATA,NO DATA,NO DATA,NO DATA,NO DATA,NO DATA,42,45,43
,24-Aug-2019 10:30:00,T2.NZMA.PFE 1.Converter2,G4,999.0,1000.0,999.0,1052,1053,1052,NO DATA,NO DATA,NO DATA,NO DATA,NO DATA,NO DATA,NO DATA,NO DATA,NO DATA,NO DATA,NO DATA,NO DATA,NO DATA,NO DATA,NO DATA,42,45,43
,24-Aug-2019 10:30:00,T2.NZMA.PFE 1.Converter3,G4,1000.0,1001.0,1000.0,1023,1027,1025,NO DATA,NO DATA,NO DATA,NO DATA,NO DATA,NO DATA,NO DATA,NO DATA,NO DATA,NO DATA,NO DATA,NO DATA,NO DATA,NO DATA,NO DATA,42,45,43
,24-Aug-2019 10:30:00,T2.NZMA.PFE 1.Converter4,G4,1000.0,1001.0,1000.0,999,1000,999,NO DATA,NO DATA,NO DATA,NO DATA,NO DATA,NO DATA,NO DATA,NO DATA,NO DATA,NO DATA,NO DATA,NO DATA,NO DATA,NO DATA,NO DATA,42,44,43
,24-Aug-2019 10:30:00,T2.NZMA.PFE 1.Converter5,G4,999.0,1000.0,999.0,1070,1072,1070,NO DATA,NO DATA,NO DATA,NO DATA,NO DATA,NO DATA,NO DATA,NO DATA,NO DATA,NO DATA,NO DATA,NO DATA,NO DATA,NO DATA,NO DATA,42,44,43
,24-Aug-2019 10:30:00,T3.AUSY.PFE 1,G3,999.0,1001.0,1000.0,2501,2502,2501,993.0,1003.0,998.0,NO DATA,NO DATA,1.0,NO DATA,NO DATA,13,NO DATA,NO DATA,NO DATA,NO DATA,NO DATA,NO DATA,NO DATA,NO DATA,NO DATA
,24-Aug-2019 10:30:00,T3.AUSY.PFE 1.Converter1,G3,999.0,1000.0,999.0,1258,1260,1259,NO DATA,NO DATA,NO DATA,NO DATA,NO DATA,NO DATA,NO DATA,NO DATA,NO DATA,NO DATA,NO DATA,NO DATA,NO DATA,NO DATA,NO DATA,39,42,41
,24-Aug-2019 10:30:00,T3.AUSY.PFE 1.Converter2,G3,999.0,1000.0,999.0,1293,1294,1293,NO DATA,NO DATA,NO DATA,NO DATA,NO DATA,NO DATA,NO DATA,NO DATA,NO DATA,NO DATA,NO DATA,NO DATA,NO DATA,NO DATA,NO DATA,37,39,37
,24-Aug-2019 10:30:00,T4.USPA.PFE 1,G4,998.0,1000.0,998.0,5264,5266,5264,998.0,1000.0,998.0,1.0,2.0,1.0,73,94,84,956.0,957.0,956.0,0.0,0.0,0.0,NO DATA,NO DATA,NO DATA
,24-Aug-2019 10:30:00,T4.USPA.PFE 1.Converter1,G4,998.0,999.0,998.0,1772,1774,1772,NO DATA,NO DATA,NO DATA,NO DATA,NO DATA,NO DATA,NO DATA,NO DATA,NO DATA,NO DATA,NO DATA,NO DATA,NO DATA,NO DATA,NO DATA,42,45,43
,24-Aug-2019 10:30:00,T4.USPA.PFE 1.Converter2,G4,997.0,999.0,998.0,1739,1742,1739,NO DATA,NO DATA,NO DATA,NO DATA,NO DATA,NO DATA,NO DATA,NO DATA,NO DATA,NO DATA,NO DATA,NO DATA,NO DATA,NO DATA,NO DATA,42,44,43
,24-Aug-2019 10:30:00,T4.USPA.PFE 1.Converter3,G4,997.0,998.0,997.0,1806,1808,1807,NO DATA,NO DATA,NO DATA,NO DATA,NO DATA,NO DATA,NO DATA,NO DATA,NO DATA,NO DATA,NO DATA,NO DATA,NO DATA,NO DATA,NO DATA,42,45,43
,24-Aug-2019 10:30:00,T5.HIKA.PFE 1,G4,1000.0,1000.0,1000.0,5089,5090,5089,1000.0,1000.0,1000.0,0.0,1.0,0.0,11,13,11,992.0,993.0,992.0,0.0,0.0,0.0,NO DATA,NO DATA,NO DATA
,24-Aug-2019 10:30:00,T5.HIKA.PFE 1.Converter1,G4,1000.0,1000.0,1000.0,1001,1002,1001,NO DATA,NO DATA,NO DATA,NO DATA,NO DATA,NO DATA,NO DATA,NO DATA,NO DATA,NO DATA,NO DATA,NO DATA,NO DATA,NO DATA,NO DATA,42,45,43
,24-Aug-2019 10:30:00,T5.HIKA.PFE 1.Converter2,G4,999.0,1000.0,999.0,1089,1091,1090,NO DATA,NO DATA,NO DATA,NO DATA,NO DATA,NO DATA,NO DATA,NO DATA,NO DATA,NO DATA,NO DATA,NO DATA,NO DATA,NO DATA,NO DATA,44,45,44
,24-Aug-2019 10:30:00,T5.HIKA.PFE 1.Converter3,G4,1000.0,1000.0,1000.0,1067,1068,1067,NO DATA,NO DATA,NO DATA,NO DATA,NO DATA,NO DATA,NO DATA,NO DATA,NO DATA,NO DATA,NO DATA,NO DATA,NO DATA,NO DATA,NO DATA,43,45,43
,24-Aug-2019 10:30:00,T5.HIKA.PFE 1.Converter4,G4,999.0,1000.0,999.0,1003,1006,1004,NO DATA,NO DATA,NO DATA,NO DATA,NO DATA,NO DATA,NO DATA,NO DATA,NO DATA,NO DATA,NO DATA,NO DATA,NO DATA,NO DATA,NO DATA,43,44,43
,24-Aug-2019 10:30:00,T5.HIKA.PFE 1.Converter5,G4,999.0,1000.0,999.0,1001,1002,1001,NO DATA,NO DATA,NO DATA,NO DATA,NO DATA,NO DATA,NO DATA,NO DATA,NO DATA,NO DATA,NO DATA,NO DATA,NO DATA,NO DATA,NO DATA,44,45,44
,24-Aug-2019 10:45:00,B1.ASGO.PFE 1,G3,999.0,1001.0,999.0,483,485,483,997.0,1002.0,999.0,NO DATA,NO DATA,1.0,NO DATA,NO DATA,12,NO DATA,NO DATA,NO DATA,NO DATA,NO DATA,NO DATA,NO DATA,NO DATA,NO DATA
,24-Aug-2019 10:45:00,B1.ASGO.PFE 1.Converter1,G3,999.0,1000.0,999.0,270,271,270,NO DATA,NO DATA,NO DATA,NO DATA,NO DATA,NO DATA,NO DATA,NO DATA,NO DATA,NO DATA,NO DATA,NO DATA,NO DATA,NO DATA,NO DATA,29,30,29
,24-Aug-2019 10:45:00,B1.ASGO.PFE 1.Converter2,G3,999.0,1001.0,1000.0,265,266,265,NO DATA,NO DATA,NO DATA,NO DATA,NO DATA,NO DATA,NO DATA,NO DATA,NO DATA,NO DATA,NO DATA,NO DATA,NO DATA,NO DATA,NO DATA,37,40,38
,24-Aug-2019 10:45:00,T2.NZMA.PFE 1,G4,1000.0,1001.0,1000.0,5114,5115,5114,1000.0,1001.0,1000.0,0.0,1.0,0.0,12,13,12,990.0,992.0,991.0,0.0,0.0,0.0,NO DATA,NO DATA,NO DATA
,24-Aug-2019 10:45:00,T2.NZMA.PFE 1.Converter1,G4,999.0,1000.0,999.0,1041,1044,1041,NO DATA,NO DATA,NO DATA,NO DATA,NO DATA,NO DATA,NO DATA,NO DATA,NO DATA,NO DATA,NO DATA,NO DATA,NO DATA,NO DATA,NO DATA,42,45,43
,24-Aug-2019 10:45:00,T2.NZMA.PFE 1.Converter2,G4,999.0,1000.0,999.0,1052,1053,1052,NO DATA,NO DATA,NO DATA,NO DATA,NO DATA,NO DATA,NO DATA,NO DATA,NO DATA,NO DATA,NO DATA,NO DATA,NO DATA,NO DATA,NO DATA,42,44,43
,24-Aug-2019 10:45:00,T2.NZMA.PFE 1.Converter3,G4,1000.0,1001.0,1000.0,1023,1027,1025,NO DATA,NO DATA,NO DATA,NO DATA,NO DATA,NO DATA,NO DATA,NO DATA,NO DATA,NO DATA,NO DATA,NO DATA,NO DATA,NO DATA,NO DATA,42,45,43
,24-Aug-2019 10:45:00,T2.NZMA.PFE 1.Converter4,G4,1000.0,1001.0,1000.0,999,1000,999,NO DATA,NO DATA,NO DATA,NO DATA,NO DATA,NO DATA,NO DATA,NO DATA,NO DATA,NO DATA,NO DATA,NO DATA,NO DATA,NO DATA,NO DATA,42,45,43
,24-Aug-2019 10:45:00,T2.NZMA.PFE 1.Converter5,G4,999.0,1000.0,999.0,1070,1072,1071,NO DATA,NO DATA,NO DATA,NO DATA,NO DATA,NO DATA,NO DATA,NO DATA,NO DATA,NO DATA,NO DATA,NO DATA,NO DATA,NO DATA,NO DATA,42,44,43
,24-Aug-2019 10:45:00,T3.AUSY.PFE 1,G3,999.0,1001.0,1000.0,2501,2502,2501,994.0,1004.0,998.0,NO DATA,NO DATA,1.0,NO DATA,NO DATA,13,NO DATA,NO DATA,NO DATA,NO DATA,NO DATA,NO DATA,NO DATA,NO DATA,NO DATA
,24-Aug-2019 10:45:00,T3.AUSY.PFE 1.Converter1,G3,999.0,1000.0,999.0,1259,1260,1259,NO DATA,NO DATA,NO DATA,NO DATA,NO DATA,NO DATA,NO DATA,NO DATA,NO DATA,NO DATA,NO DATA,NO DATA,NO DATA,NO DATA,NO DATA,40,42,41
,24-Aug-2019 10:45:00,T3.AUSY.PFE 1.Converter2,G3,999.0,1000.0,999.0,1293,1294,1293,NO DATA,NO DATA,NO DATA,NO DATA,NO DATA,NO DATA,NO DATA,NO DATA,NO DATA,NO DATA,NO DATA,NO DATA,NO DATA,NO DATA,NO DATA,37,38,37
,24-Aug-2019 10:45:00,T4.USPA.PFE 1,G4,998.0,1000.0,998.0,5264,5266,5265,998.0,1000.0,998.0,1.0,2.0,1.0,73,94,84,956.0,958.0,956.0,0.0,0.0,0.0,NO DATA,NO DATA,NO DATA
,24-Aug-2019 10:45:00,T4.USPA.PFE 1.Converter1,G4,998.0,999.0,998.0,1772,1774,1773,NO DATA,NO DATA,NO DATA,NO DATA,NO DATA,NO DATA,NO DATA,NO DATA,NO DATA,NO DATA,NO DATA,NO DATA,NO DATA,NO DATA,NO DATA,42,44,43
,24-Aug-2019 10:45:00,T4.USPA.PFE 1.Converter2,G4,997.0,999.0,998.0,1738,1741,1739,NO DATA,NO DATA,NO DATA,NO DATA,NO DATA,NO DATA,NO DATA,NO DATA,NO DATA,NO DATA,NO DATA,NO DATA,NO DATA,NO DATA,NO DATA,42,44,42
,24-Aug-2019 10:45:00,T4.USPA.PFE 1.Converter3,G4,997.0,998.0,997.0,1806,1808,1807,NO DATA,NO DATA,NO DATA,NO DATA,NO DATA,NO DATA,NO DATA,NO DATA,NO DATA,NO DATA,NO DATA,NO DATA,NO DATA,NO DATA,NO DATA,42,45,43
,24-Aug-2019 10:45:00,T5.HIKA.PFE 1,G4,1000.0,1000.0,1000.0,5089,5089,5089,1000.0,1000.0,1000.0,0.0,1.0,0.0,11,12,11,991.0,993.0,992.0,0.0,0.0,0.0,NO DATA,NO DATA,NO DATA
,24-Aug-2019 10:45:00,T5.HIKA.PFE 1.Converter1,G4,1000.0,1000.0,1000.0,1001,1002,1001,NO DATA,NO DATA,NO DATA,NO DATA,NO DATA,NO DATA,NO DATA,NO DATA,NO DATA,NO DATA,NO DATA,NO DATA,NO DATA,NO DATA,NO DATA,42,45,43
,24-Aug-2019 10:45:00,T5.HIKA.PFE 1.Converter2,G4,999.0,1000.0,999.0,1089,1091,1090,NO DATA,NO DATA,NO DATA,NO DATA,NO DATA,NO DATA,NO DATA,NO DATA,NO DATA,NO DATA,NO DATA,NO DATA,NO DATA,NO DATA,NO DATA,44,46,45
,24-Aug-2019 10:45:00,T5.HIKA.PFE 1.Converter3,G4,1000.0,1000.0,1000.0,1067,1070,1067,NO DATA,NO DATA,NO DATA,NO DATA,NO DATA,NO DATA,NO DATA,NO DATA,NO DATA,NO DATA,NO DATA,NO DATA,NO DATA,NO DATA,NO DATA,43,45,43
,24-Aug-2019 10:45:00,T5.HIKA.PFE 1.Converter4,G4,999.0,1000.0,999.0,1002,1006,1004,NO DATA,NO DATA,NO DATA,NO DATA,NO DATA,NO DATA,NO DATA,NO DATA,NO DATA,NO DATA,NO DATA,NO DATA,NO DATA,NO DATA,NO DATA,44,45,44
,24-Aug-2019 10:45:00,T5.HIKA.PFE 1.Converter5,G4,999.0,1000.0,999.0,1001,1002,1001,NO DATA,NO DATA,NO DATA,NO DATA,NO DATA,NO DATA,NO DATA,NO DATA,NO DATA,NO DATA,NO DATA,NO DATA,NO DATA,NO DATA,NO DATA,44,45,44
,24-Aug-2019 11:00:00,B1.ASGO.PFE 1,G3,999.0,1001.0,999.0,483,485,483,997.0,1002.0,999.0,NO DATA,NO DATA,1.0,NO DATA,NO DATA,12,NO DATA,NO DATA,NO DATA,NO DATA,NO DATA,NO DATA,NO DATA,NO DATA,NO DATA
,24-Aug-2019 11:00:00,B1.ASGO.PFE 1.Converter1,G3,999.0,1000.0,999.0,270,271,270,NO DATA,NO DATA,NO DATA,NO DATA,NO DATA,NO DATA,NO DATA,NO DATA,NO DATA,NO DATA,NO DATA,NO DATA,NO DATA,NO DATA,NO DATA,29,30,29
,24-Aug-2019 11:00:00,B1.ASGO.PFE 1.Converter2,G3,999.0,1001.0,1000.0,265,267,266,NO DATA,NO DATA,NO DATA,NO DATA,NO DATA,NO DATA,NO DATA,NO DATA,NO DATA,NO DATA,NO DATA,NO DATA,NO DATA,NO DATA,NO DATA,37,39,38
,24-Aug-2019 11:00:00,T2.NZMA.PFE 1,G4,1000.0,1001.0,1000.0,5115,5116,5115,1000.0,1001.0,1000.0,0.0,1.0,0.0,12,13,12,990.0,992.0,991.0,0.0,0.0,0.0,NO DATA,NO DATA,NO DATA
,24-Aug-2019 11:00:00,T2.NZMA.PFE 1.Converter1,G4,999.0,1000.0,999.0,1041,1045,1041,NO DATA,NO DATA,NO DATA,NO DATA,NO DATA,NO DATA,NO DATA,NO DATA,NO DATA,NO DATA,NO DATA,NO DATA,NO DATA,NO DATA,NO DATA,42,45,43
,24-Aug-2019 11:00:00,T2.NZMA.PFE 1.Converter2,G4,999.0,1000.0,999.0,1052,1053,1052,NO DATA,NO DATA,NO DATA,NO DATA,NO DATA,NO DATA,NO DATA,NO DATA,NO DATA,NO DATA,NO DATA,NO DATA,NO DATA,NO DATA,NO DATA,42,44,43
,24-Aug-2019 11:00:00,T2.NZMA.PFE 1.Converter3,G4,1000.0,1001.0,1000.0,1023,1028,1026,NO DATA,NO DATA,NO DATA,NO DATA,NO DATA,NO DATA,NO DATA,NO DATA,NO DATA,NO DATA,NO DATA,NO DATA,NO DATA,NO DATA,NO DATA,42,45,43
,24-Aug-2019 11:00:00,T2.NZMA.PFE 1.Converter4,G4,1000.0,1001.0,1000.0,999,1001,999,NO DATA,NO DATA,NO DATA,NO DATA,NO DATA,NO DATA,NO DATA,NO DATA,NO DATA,NO DATA,NO DATA,NO DATA,NO DATA,NO DATA,NO DATA,42,45,43
,24-Aug-2019 11:00:00,T2.NZMA.PFE 1.Converter5,G4,999.0,1000.0,999.0,1070,1073,1071,NO DATA,NO DATA,NO DATA,NO DATA,NO DATA,NO DATA,NO DATA,NO DATA,NO DATA,NO DATA,NO DATA,NO DATA,NO DATA,NO DATA,NO DATA,42,44,43
,24-Aug-2019 11:00:00,T3.AUSY.PFE 1,G3,999.0,1001.0,1000.0,2502,2503,2502,994.0,1004.0,998.0,NO DATA,NO DATA,1.0,NO DATA,NO DATA,13,NO DATA,NO DATA,NO DATA,NO DATA,NO DATA,NO DATA,NO DATA,NO DATA,NO DATA
,24-Aug-2019 11:00:00,T3.AUSY.PFE 1.Converter1,G3,999.0,1000.0,999.0,1259,1260,1259,NO DATA,NO DATA,NO DATA,NO DATA,NO DATA,NO DATA,NO DATA,NO DATA,NO DATA,NO DATA,NO DATA,NO DATA,NO DATA,NO DATA,NO DATA,39,42,40
,24-Aug-2019 11:00:00,T3.AUSY.PFE 1.Converter2,G3,999.0,1000.0,999.0,1293,1295,1293,NO DATA,NO DATA,NO DATA,NO DATA,NO DATA,NO DATA,NO DATA,NO DATA,NO DATA,NO DATA,NO DATA,NO DATA,NO DATA,NO DATA,NO DATA,37,38,37
,24-Aug-2019 11:00:00,T4.USPA.PFE 1,G4,998.0,1000.0,998.0,5263,5265,5264,998.0,1000.0,998.0,1.0,2.0,1.0,73,93,84,956.0,957.0,956.0,0.0,0.0,0.0,NO DATA,NO DATA,NO DATA
,24-Aug-2019 11:00:00,T4.USPA.PFE 1.Converter1,G4,997.0,999.0,998.0,1771,1774,1772,NO DATA,NO DATA,NO DATA,NO DATA,NO DATA,NO DATA,NO DATA,NO DATA,NO DATA,NO DATA,NO DATA,NO DATA,NO DATA,NO DATA,NO DATA,42,44,43
,24-Aug-2019 11:00:00,T4.USPA.PFE 1.Converter2,G4,997.0,999.0,998.0,1738,1741,1739,NO DATA,NO DATA,NO DATA,NO DATA,NO DATA,NO DATA,NO DATA,NO DATA,NO DATA,NO DATA,NO DATA,NO DATA,NO DATA,NO DATA,NO DATA,42,44,42
,24-Aug-2019 11:00:00,T4.USPA.PFE 1.Converter3,G4,997.0,998.0,997.0,1805,1808,1807,NO DATA,NO DATA,NO DATA,NO DATA,NO DATA,NO DATA,NO DATA,NO DATA,NO DATA,NO DATA,NO DATA,NO DATA,NO DATA,NO DATA,NO DATA,42,45,43
,24-Aug-2019 11:00:00,T5.HIKA.PFE 1,G4,1000.0,1000.0,1000.0,5088,5089,5088,1000.0,1000.0,1000.0,0.0,1.0,0.0,11,12,11,992.0,993.0,992.0,0.0,0.0,0.0,NO DATA,NO DATA,NO DATA
,24-Aug-2019 11:00:00,T5.HIKA.PFE 1.Converter1,G4,1000.0,1000.0,1000.0,1001,1002,1001,NO DATA,NO DATA,NO DATA,NO DATA,NO DATA,NO DATA,NO DATA,NO DATA,NO DATA,NO DATA,NO DATA,NO DATA,NO DATA,NO DATA,NO DATA,42,45,43
,24-Aug-2019 11:00:00,T5.HIKA.PFE 1.Converter2,G4,999.0,1000.0,999.0,1089,1091,1090,NO DATA,NO DATA,NO DATA,NO DATA,NO DATA,NO DATA,NO DATA,NO DATA,NO DATA,NO DATA,NO DATA,NO DATA,NO DATA,NO DATA,NO DATA,45,46,45
,24-Aug-2019 11:00:00,T5.HIKA.PFE 1.Converter3,G4,1000.0,1000.0,1000.0,1067,1069,1067,NO DATA,NO DATA,NO DATA,NO DATA,NO DATA,NO DATA,NO DATA,NO DATA,NO DATA,NO DATA,NO DATA,NO DATA,NO DATA,NO DATA,NO DATA,44,45,44
,24-Aug-2019 11:00:00,T5.HIKA.PFE 1.Converter4,G4,999.0,1000.0,999.0,1002,1005,1003,NO DATA,NO DATA,NO DATA,NO DATA,NO DATA,NO DATA,NO DATA,NO DATA,NO DATA,NO DATA,NO DATA,NO DATA,NO DATA,NO DATA,NO DATA,44,45,44
,24-Aug-2019 11:00:00,T5.HIKA.PFE 1.Converter5,G4,999.0,1000.0,999.0,1001,1002,1001,NO DATA,NO DATA,NO DATA,NO DATA,NO DATA,NO DATA,NO DATA,NO DATA,NO DATA,NO DATA,NO DATA,NO DATA,NO DATA,NO DATA,NO DATA,44,45,44
,24-Aug-2019 11:15:00,B1.ASGO.PFE 1,G3,999.0,1001.0,1000.0,483,485,483,997.0,1002.0,999.0,NO DATA,NO DATA,1.0,NO DATA,NO DATA,12,NO DATA,NO DATA,NO DATA,NO DATA,NO DATA,NO DATA,NO DATA,NO DATA,NO DATA
,24-Aug-2019 11:15:00,B1.ASGO.PFE 1.Converter1,G3,999.0,1000.0,999.0,270,271,270,NO DATA,NO DATA,NO DATA,NO DATA,NO DATA,NO DATA,NO DATA,NO DATA,NO DATA,NO DATA,NO DATA,NO DATA,NO DATA,NO DATA,NO DATA,30,30,30
,24-Aug-2019 11:15:00,B1.ASGO.PFE 1.Converter2,G3,999.0,1001.0,1000.0,265,267,265,NO DATA,NO DATA,NO DATA,NO DATA,NO DATA,NO DATA,NO DATA,NO DATA,NO DATA,NO DATA,NO DATA,NO DATA,NO DATA,NO DATA,NO DATA,37,40,38
,24-Aug-2019 11:15:00,T2.NZMA.PFE 1,G4,1000.0,1001.0,1000.0,5115,5116,5115,1000.0,1001.0,1000.0,0.0,1.0,0.0,12,13,12,990.0,992.0,991.0,0.0,0.0,0.0,NO DATA,NO DATA,NO DATA
,24-Aug-2019 11:15:00,T2.NZMA.PFE 1.Converter1,G4,999.0,1000.0,999.0,1041,1044,1041,NO DATA,NO DATA,NO DATA,NO DATA,NO DATA,NO DATA,NO DATA,NO DATA,NO DATA,NO DATA,NO DATA,NO DATA,NO DATA,NO DATA,NO DATA,42,45,43
,24-Aug-2019 11:15:00,T2.NZMA.PFE 1.Converter2,G4,999.0,1000.0,999.0,1052,1053,1052,NO DATA,NO DATA,NO DATA,NO DATA,NO DATA,NO DATA,NO DATA,NO DATA,NO DATA,NO DATA,NO DATA,NO DATA,NO DATA,NO DATA,NO DATA,42,44,43
,24-Aug-2019 11:15:00,T2.NZMA.PFE 1.Converter3,G4,1000.0,1001.0,1000.0,1024,1028,1026,NO DATA,NO DATA,NO DATA,NO DATA,NO DATA,NO DATA,NO DATA,NO DATA,NO DATA,NO DATA,NO DATA,NO DATA,NO DATA,NO DATA,NO DATA,42,45,43
,24-Aug-2019 11:15:00,T2.NZMA.PFE 1.Converter4,G4,1000.0,1001.0,1000.0,999,1000,999,NO DATA,NO DATA,NO DATA,NO DATA,NO DATA,NO DATA,NO DATA,NO DATA,NO DATA,NO DATA,NO DATA,NO DATA,NO DATA,NO DATA,NO DATA,42,45,43
,24-Aug-2019 11:15:00,T2.NZMA.PFE 1.Converter5,G4,999.0,1000.0,999.0,1070,1072,1070,NO DATA,NO DATA,NO DATA,NO DATA,NO DATA,NO DATA,NO DATA,NO DATA,NO DATA,NO DATA,NO DATA,NO DATA,NO DATA,NO DATA,NO DATA,42,44,43
,24-Aug-2019 11:15:00,T3.AUSY.PFE 1,G3,999.0,1001.0,1000.0,2502,2504,2502,995.0,1003.0,998.0,NO DATA,NO DATA,1.0,NO DATA,NO DATA,13,NO DATA,NO DATA,NO DATA,NO DATA,NO DATA,NO DATA,NO DATA,NO DATA,NO DATA
,24-Aug-2019 11:15:00,T3.AUSY.PFE 1.Converter1,G3,999.0,1000.0,999.0,1259,1260,1259,NO DATA,NO DATA,NO DATA,NO DATA,NO DATA,NO DATA,NO DATA,NO DATA,NO DATA,NO DATA,NO DATA,NO DATA,NO DATA,NO DATA,NO DATA,40,42,41
,24-Aug-2019 11:15:00,T3.AUSY.PFE 1.Converter2,G3,999.0,1000.0,999.0,1294,1295,1294,NO DATA,NO DATA,NO DATA,NO DATA,NO DATA,NO DATA,NO DATA,NO DATA,NO DATA,NO DATA,NO DATA,NO DATA,NO DATA,NO DATA,NO DATA,37,38,37
,24-Aug-2019 11:15:00,T4.USPA.PFE 1,G4,998.0,1000.0,998.0,5262,5264,5262,998.0,1000.0,998.0,1.0,2.0,1.0,72,93,84,956.0,958.0,956.0,0.0,0.0,0.0,NO DATA,NO DATA,NO DATA
,24-Aug-2019 11:15:00,T4.USPA.PFE 1.Converter1,G4,997.0,999.0,998.0,1771,1773,1772,NO DATA,NO DATA,NO DATA,NO DATA,NO DATA,NO DATA,NO DATA,NO DATA,NO DATA,NO DATA,NO DATA,NO DATA,NO DATA,NO DATA,NO DATA,42,44,43
,24-Aug-2019 11:15:00,T4.USPA.PFE 1.Converter2,G4,997.0,999.0,998.0,1738,1740,1738,NO DATA,NO DATA,NO DATA,NO DATA,NO DATA,NO DATA,NO DATA,NO DATA,NO DATA,NO DATA,NO DATA,NO DATA,NO DATA,NO DATA,NO DATA,42,44,43
,24-Aug-2019 11:15:00,T4.USPA.PFE 1.Converter3,G4,997.0,999.0,997.0,1805,1808,1806,NO DATA,NO DATA,NO DATA,NO DATA,NO DATA,NO DATA,NO DATA,NO DATA,NO DATA,NO DATA,NO DATA,NO DATA,NO DATA,NO DATA,NO DATA,42,45,43
,24-Aug-2019 11:15:00,T5.HIKA.PFE 1,G4,1000.0,1000.0,1000.0,5088,5090,5088,1000.0,1000.0,1000.0,0.0,1.0,0.0,11,12,11,991.0,993.0,992.0,0.0,0.0,0.0,NO DATA,NO DATA,NO DATA
,24-Aug-2019 11:15:00,T5.HIKA.PFE 1.Converter1,G4,1000.0,1000.0,1000.0,1001,1002,1001,NO DATA,NO DATA,NO DATA,NO DATA,NO DATA,NO DATA,NO DATA,NO DATA,NO DATA,NO DATA,NO DATA,NO DATA,NO DATA,NO DATA,NO DATA,42,45,43
,24-Aug-2019 11:15:00,T5.HIKA.PFE 1.Converter2,G4,999.0,1000.0,999.0,1089,1091,1090,NO DATA,NO DATA,NO DATA,NO DATA,NO DATA,NO DATA,NO DATA,NO DATA,NO DATA,NO DATA,NO DATA,NO DATA,NO DATA,NO DATA,NO DATA,45,46,45
,24-Aug-2019 11:15:00,T5.HIKA.PFE 1.Converter3,G4,1000.0,1000.0,1000.0,1067,1070,1067,NO DATA,NO DATA,NO DATA,NO DATA,NO DATA,NO DATA,NO DATA,NO DATA,NO DATA,NO DATA,NO DATA,NO DATA,NO DATA,NO DATA,NO DATA,44,45,44
,24-Aug-2019 11:15:00,T5.HIKA.PFE 1.Converter4,G4,999.0,1000.0,999.0,1002,1006,1003,NO DATA,NO DATA,NO DATA,NO DATA,NO DATA,NO DATA,NO DATA,NO DATA,NO DATA,NO DATA,NO DATA,NO DATA,NO DATA,NO DATA,NO DATA,44,45,44
,24-Aug-2019 11:15:00,T5.HIKA.PFE 1.Converter5,G4,999.0,1000.0,999.0,1001,1002,1001,NO DATA,NO DATA,NO DATA,NO DATA,NO DATA,NO DATA,NO DATA,NO DATA,NO DATA,NO DATA,NO DATA,NO DATA,NO DATA,NO DATA,NO DATA,45,46,45
,24-Aug-2019 11:30:00,B1.ASGO.PFE 1,G3,999.0,1001.0,999.0,483,485,483,996.0,1002.0,999.0,NO DATA,NO DATA,1.0,NO DATA,NO DATA,11,NO DATA,NO DATA,NO DATA,NO DATA,NO DATA,NO DATA,NO DATA,NO DATA,NO DATA
,24-Aug-2019 11:30:00,B1.ASGO.PFE 1.Converter1,G3,999.0,1000.0,999.0,270,271,270,NO DATA,NO DATA,NO DATA,NO DATA,NO DATA,NO DATA,NO DATA,NO DATA,NO DATA,NO DATA,NO DATA,NO DATA,NO DATA,NO DATA,NO DATA,28,30,29
,24-Aug-2019 11:30:00,B1.ASGO.PFE 1.Converter2,G3,999.0,1001.0,1000.0,265,267,265,NO DATA,NO DATA,NO DATA,NO DATA,NO DATA,NO DATA,NO DATA,NO DATA,NO DATA,NO DATA,NO DATA,NO DATA,NO DATA,NO DATA,NO DATA,37,39,37
,24-Aug-2019 11:30:00,T2.NZMA.PFE 1,G4,1000.0,1001.0,1000.0,5114,5115,5114,1000.0,1001.0,1000.0,0.0,1.0,0.0,12,12,12,990.0,992.0,991.0,0.0,0.0,0.0,NO DATA,NO DATA,NO DATA
,24-Aug-2019 11:30:00,T2.NZMA.PFE 1.Converter1,G4,999.0,1000.0,999.0,1040,1044,1041,NO DATA,NO DATA,NO DATA,NO DATA,NO DATA,NO DATA,NO DATA,NO DATA,NO DATA,NO DATA,NO DATA,NO DATA,NO DATA,NO DATA,NO DATA,42,45,43
,24-Aug-2019 11:30:00,T2.NZMA.PFE 1.Converter2,G4,999.0,1000.0,999.0,1052,1053,1052,NO DATA,NO DATA,NO DATA,NO DATA,NO DATA,NO DATA,NO DATA,NO DATA,NO DATA,NO DATA,NO DATA,NO DATA,NO DATA,NO DATA,NO DATA,42,45,43
,24-Aug-2019 11:30:00,T2.NZMA.PFE 1.Converter3,G4,1000.0,1001.0,1000.0,1023,1027,1025,NO DATA,NO DATA,NO DATA,NO DATA,NO DATA,NO DATA,NO DATA,NO DATA,NO DATA,NO DATA,NO DATA,NO DATA,NO DATA,NO DATA,NO DATA,42,44,43
,24-Aug-2019 11:30:00,T2.NZMA.PFE 1.Converter4,G4,1000.0,1001.0,1000.0,999,1001,999,NO DATA,NO DATA,NO DATA,NO DATA,NO DATA,NO DATA,NO DATA,NO DATA,NO DATA,NO DATA,NO DATA,NO DATA,NO DATA,NO DATA,NO DATA,42,44,43
,24-Aug-2019 11:30:00,T2.NZMA.PFE 1.Converter5,G4,999.0,1000.0,999.0,1070,1073,1070,NO DATA,NO DATA,NO DATA,NO DATA,NO DATA,NO DATA,NO DATA,NO DATA,NO DATA,NO DATA,NO DATA,NO DATA,NO DATA,NO DATA,NO DATA,42,45,43
,24-Aug-2019 11:30:00,T3.AUSY.PFE 1,G3,999.0,1001.0,1000.0,2502,2504,2503,994.0,1004.0,998.0,NO DATA,NO DATA,1.0,NO DATA,NO DATA,13,NO DATA,NO DATA,NO DATA,NO DATA,NO DATA,NO DATA,NO DATA,NO DATA,NO DATA
,24-Aug-2019 11:30:00,T3.AUSY.PFE 1.Converter1,G3,999.0,1000.0,999.0,1259,1260,1259,NO DATA,NO DATA,NO DATA,NO DATA,NO DATA,NO DATA,NO DATA,NO DATA,NO DATA,NO DATA,NO DATA,NO DATA,NO DATA,NO DATA,NO DATA,39,42,41
,24-Aug-2019 11:30:00,T3.AUSY.PFE 1.Converter2,G3,999.0,1000.0,999.0,1293,1295,1294,NO DATA,NO DATA,NO DATA,NO DATA,NO DATA,NO DATA,NO DATA,NO DATA,NO DATA,NO DATA,NO DATA,NO DATA,NO DATA,NO DATA,NO DATA,37,38,37
,24-Aug-2019 11:30:00,T4.USPA.PFE 1,G4,998.0,1000.0,998.0,5262,5263,5262,998.0,1000.0,998.0,1.0,2.0,1.0,73,94,84,956.0,957.0,956.0,0.0,0.0,0.0,NO DATA,NO DATA,NO DATA
,24-Aug-2019 11:30:00,T4.USPA.PFE 1.Converter1,G4,998.0,999.0,998.0,1771,1773,1772,NO DATA,NO DATA,NO DATA,NO DATA,NO DATA,NO DATA,NO DATA,NO DATA,NO DATA,NO DATA,NO DATA,NO DATA,NO DATA,NO DATA,NO DATA,42,44,43
,24-Aug-2019 11:30:00,T4.USPA.PFE 1.Converter2,G4,997.0,999.0,998.0,1737,1740,1738,NO DATA,NO DATA,NO DATA,NO DATA,NO DATA,NO DATA,NO DATA,NO DATA,NO DATA,NO DATA,NO DATA,NO DATA,NO DATA,NO DATA,NO DATA,42,44,43
,24-Aug-2019 11:30:00,T4.USPA.PFE 1.Converter3,G4,997.0,998.0,997.0,1806,1808,1806,NO DATA,NO DATA,NO DATA,NO DATA,NO DATA,NO DATA,NO DATA,NO DATA,NO DATA,NO DATA,NO DATA,NO DATA,NO DATA,NO DATA,NO DATA,42,45,43
,24-Aug-2019 11:30:00,T5.HIKA.PFE 1,G4,1000.0,1000.0,1000.0,5089,5091,5090,1000.0,1000.0,1000.0,0.0,1.0,0.0,11,13,11,992.0,993.0,992.0,0.0,0.0,0.0,NO DATA,NO DATA,NO DATA
,24-Aug-2019 11:30:00,T5.HIKA.PFE 1.Converter1,G4,1000.0,1000.0,1000.0,1001,1002,1001,NO DATA,NO DATA,NO DATA,NO DATA,NO DATA,NO DATA,NO DATA,NO DATA,NO DATA,NO DATA,NO DATA,NO DATA,NO DATA,NO DATA,NO DATA,42,45,43
,24-Aug-2019 11:30:00,T5.HIKA.PFE 1.Converter2,G4,999.0,1000.0,999.0,1090,1091,1090,NO DATA,NO DATA,NO DATA,NO DATA,NO DATA,NO DATA,NO DATA,NO DATA,NO DATA,NO DATA,NO DATA,NO DATA,NO DATA,NO DATA,NO DATA,45,46,45
,24-Aug-2019 11:30:00,T5.HIKA.PFE 1.Converter3,G4,1000.0,1000.0,1000.0,1067,1070,1067,NO DATA,NO DATA,NO DATA,NO DATA,NO DATA,NO DATA,NO DATA,NO DATA,NO DATA,NO DATA,NO DATA,NO DATA,NO DATA,NO DATA,NO DATA,44,45,44
,24-Aug-2019 11:30:00,T5.HIKA.PFE 1.Converter4,G4,999.0,1000.0,999.0,1002,1006,1004,NO DATA,NO DATA,NO DATA,NO DATA,NO DATA,NO DATA,NO DATA,NO DATA,NO DATA,NO DATA,NO DATA,NO DATA,NO DATA,NO DATA,NO DATA,44,45,44
,24-Aug-2019 11:30:00,T5.HIKA.PFE 1.Converter5,G4,999.0,1000.0,999.0,1001,1002,1001,NO DATA,NO DATA,NO DATA,NO DATA,NO DATA,NO DATA,NO DATA,NO DATA,NO DATA,NO DATA,NO DATA,NO DATA,NO DATA,NO DATA,NO DATA,45,46,45
,24-Aug-2019 11:45:00,B1.ASGO.PFE 1,G3,999.0,1001.0,999.0,483,485,483,996.0,1002.0,999.0,NO DATA,NO DATA,1.0,NO DATA,NO DATA,12,NO DATA,NO DATA,NO DATA,NO DATA,NO DATA,NO DATA,NO DATA,NO DATA,NO DATA
,24-Aug-2019 11:45:00,B1.ASGO.PFE 1.Converter1,G3,999.0,1000.0,999.0,270,271,270,NO DATA,NO DATA,NO DATA,NO DATA,NO DATA,NO DATA,NO DATA,NO DATA,NO DATA,NO DATA,NO DATA,NO DATA,NO DATA,NO DATA,NO DATA,27,29,27
,24-Aug-2019 11:45:00,B1.ASGO.PFE 1.Converter2,G3,999.0,1001.0,1000.0,265,267,266,NO DATA,NO DATA,NO DATA,NO DATA,NO DATA,NO DATA,NO DATA,NO DATA,NO DATA,NO DATA,NO DATA,NO DATA,NO DATA,NO DATA,NO DATA,36,39,37
,24-Aug-2019 11:45:00,T2.NZMA.PFE 1,G4,1000.0,1001.0,1000.0,5114,5115,5114,1000.0,1001.0,1000.0,0.0,1.0,0.0,12,13,12,991.0,992.0,991.0,0.0,0.0,0.0,NO DATA,NO DATA,NO DATA
,24-Aug-2019 11:45:00,T2.NZMA.PFE 1.Converter1,G4,999.0,1000.0,999.0,1040,1044,1041,NO DATA,NO DATA,NO DATA,NO DATA,NO DATA,NO DATA,NO DATA,NO DATA,NO DATA,NO DATA,NO DATA,NO DATA,NO DATA,NO DATA,NO DATA,42,45,43
,24-Aug-2019 11:45:00,T2.NZMA.PFE 1.Converter2,G4,999.0,1000.0,999.0,1052,1053,1052,NO DATA,NO DATA,NO DATA,NO DATA,NO DATA,NO DATA,NO DATA,NO DATA,NO DATA,NO DATA,NO DATA,NO DATA,NO DATA,NO DATA,NO DATA,42,44,43
,24-Aug-2019 11:45:00,T2.NZMA.PFE 1.Converter3,G4,1000.0,1001.0,1000.0,1023,1027,1025,NO DATA,NO DATA,NO DATA,NO DATA,NO DATA,NO DATA,NO DATA,NO DATA,NO DATA,NO DATA,NO DATA,NO DATA,NO DATA,NO DATA,NO DATA,42,44,43
,24-Aug-2019 11:45:00,T2.NZMA.PFE 1.Converter4,G4,1000.0,1001.0,1000.0,999,1000,999,NO DATA,NO DATA,NO DATA,NO DATA,NO DATA,NO DATA,NO DATA,NO DATA,NO DATA,NO DATA,NO DATA,NO DATA,NO DATA,NO DATA,NO DATA,42,44,43
,24-Aug-2019 11:45:00,T2.NZMA.PFE 1.Converter5,G4,999.0,1000.0,999.0,1070,1072,1070,NO DATA,NO DATA,NO DATA,NO DATA,NO DATA,NO DATA,NO DATA,NO DATA,NO DATA,NO DATA,NO DATA,NO DATA,NO DATA,NO DATA,NO DATA,42,44,43
,24-Aug-2019 11:45:00,T3.AUSY.PFE 1,G3,999.0,1001.0,999.0,2502,2504,2502,994.0,1004.0,998.0,NO DATA,NO DATA,1.0,NO DATA,NO DATA,13,NO DATA,NO DATA,NO DATA,NO DATA,NO DATA,NO DATA,NO DATA,NO DATA,NO DATA
,24-Aug-2019 11:45:00,T3.AUSY.PFE 1.Converter1,G3,999.0,1000.0,999.0,1259,1260,1259,NO DATA,NO DATA,NO DATA,NO DATA,NO DATA,NO DATA,NO DATA,NO DATA,NO DATA,NO DATA,NO DATA,NO DATA,NO DATA,NO DATA,NO DATA,40,42,40
,24-Aug-2019 11:45:00,T3.AUSY.PFE 1.Converter2,G3,999.0,1000.0,999.0,1294,1295,1294,NO DATA,NO DATA,NO DATA,NO DATA,NO DATA,NO DATA,NO DATA,NO DATA,NO DATA,NO DATA,NO DATA,NO DATA,NO DATA,NO DATA,NO DATA,37,38,37
,24-Aug-2019 11:45:00,T4.USPA.PFE 1,G4,998.0,1000.0,998.0,5262,5264,5262,998.0,1000.0,998.0,1.0,2.0,1.0,73,94,84,956.0,957.0,956.0,0.0,0.0,0.0,NO DATA,NO DATA,NO DATA
,24-Aug-2019 11:45:00,T4.USPA.PFE 1.Converter1,G4,998.0,999.0,998.0,1771,1773,1772,NO DATA,NO DATA,NO DATA,NO DATA,NO DATA,NO DATA,NO DATA,NO DATA,NO DATA,NO DATA,NO DATA,NO DATA,NO DATA,NO DATA,NO DATA,42,45,43
,24-Aug-2019 11:45:00,T4.USPA.PFE 1.Converter2,G4,997.0,999.0,998.0,1737,1740,1738,NO DATA,NO DATA,NO DATA,NO DATA,NO DATA,NO DATA,NO DATA,NO DATA,NO DATA,NO DATA,NO DATA,NO DATA,NO DATA,NO DATA,NO DATA,42,44,43
,24-Aug-2019 11:45:00,T4.USPA.PFE 1.Converter3,G4,997.0,998.0,997.0,1806,1808,1806,NO DATA,NO DATA,NO DATA,NO DATA,NO DATA,NO DATA,NO DATA,NO DATA,NO DATA,NO DATA,NO DATA,NO DATA,NO DATA,NO DATA,NO DATA,42,45,43
,24-Aug-2019 11:45:00,T5.HIKA.PFE 1,G4,1000.0,1000.0,1000.0,5090,5091,5090,1000.0,1000.0,1000.0,0.0,1.0,0.0,11,13,11,991.0,993.0,992.0,0.0,0.0,0.0,NO DATA,NO DATA,NO DATA
,24-Aug-2019 11:45:00,T5.HIKA.PFE 1.Converter1,G4,1000.0,1000.0,1000.0,1001,1002,1001,NO DATA,NO DATA,NO DATA,NO DATA,NO DATA,NO DATA,NO DATA,NO DATA,NO DATA,NO DATA,NO DATA,NO DATA,NO DATA,NO DATA,NO DATA,42,45,43
,24-Aug-2019 11:45:00,T5.HIKA.PFE 1.Converter2,G4,999.0,1000.0,999.0,1089,1091,1090,NO DATA,NO DATA,NO DATA,NO DATA,NO DATA,NO DATA,NO DATA,NO DATA,NO DATA,NO DATA,NO DATA,NO DATA,NO DATA,NO DATA,NO DATA,45,46,45
,24-Aug-2019 11:45:00,T5.HIKA.PFE 1.Converter3,G4,1000.0,1000.0,1000.0,1067,1071,1068,NO DATA,NO DATA,NO DATA,NO DATA,NO DATA,NO DATA,NO DATA,NO DATA,NO DATA,NO DATA,NO DATA,NO DATA,NO DATA,NO DATA,NO DATA,44,45,44
,24-Aug-2019 11:45:00,T5.HIKA.PFE 1.Converter4,G4,999.0,1000.0,999.0,1002,1006,1004,NO DATA,NO DATA,NO DATA,NO DATA,NO DATA,NO DATA,NO DATA,NO DATA,NO DATA,NO DATA,NO DATA,NO DATA,NO DATA,NO DATA,NO DATA,44,45,44
,24-Aug-2019 11:45:00,T5.HIKA.PFE 1.Converter5,G4,999.0,1000.0,999.0,1001,1002,1001,NO DATA,NO DATA,NO DATA,NO DATA,NO DATA,NO DATA,NO DATA,NO DATA,NO DATA,NO DATA,NO DATA,NO DATA,NO DATA,NO DATA,NO DATA,45,46,45
,24-Aug-2019 12:00:00,B1.ASGO.PFE 1,G3,999.0,1001.0,999.0,483,485,483,996.0,1002.0,999.0,NO DATA,NO DATA,1.0,NO DATA,NO DATA,12,NO DATA,NO DATA,NO DATA,NO DATA,NO DATA,NO DATA,NO DATA,NO DATA,NO DATA
,24-Aug-2019 12:00:00,B1.ASGO.PFE 1.Converter1,G3,999.0,1000.0,999.0,270,271,270,NO DATA,NO DATA,NO DATA,NO DATA,NO DATA,NO DATA,NO DATA,NO DATA,NO DATA,NO DATA,NO DATA,NO DATA,NO DATA,NO DATA,NO DATA,27,28,27
,24-Aug-2019 12:00:00,B1.ASGO.PFE 1.Converter2,G3,999.0,1001.0,1000.0,265,267,266,NO DATA,NO DATA,NO DATA,NO DATA,NO DATA,NO DATA,NO DATA,NO DATA,NO DATA,NO DATA,NO DATA,NO DATA,NO DATA,NO DATA,NO DATA,36,38,36
,24-Aug-2019 12:00:00,T2.NZMA.PFE 1,G4,1000.0,1001.0,1000.0,5114,5115,5114,1000.0,1001.0,1000.0,0.0,1.0,0.0,12,13,12,990.0,992.0,991.0,0.0,0.0,0.0,NO DATA,NO DATA,NO DATA
,24-Aug-2019 12:00:00,T2.NZMA.PFE 1.Converter1,G4,999.0,1000.0,999.0,1041,1044,1041,NO DATA,NO DATA,NO DATA,NO DATA,NO DATA,NO DATA,NO DATA,NO DATA,NO DATA,NO DATA,NO DATA,NO DATA,NO DATA,NO DATA,NO DATA,42,45,43
,24-Aug-2019 12:00:00,T2.NZMA.PFE 1.Converter2,G4,999.0,1000.0,999.0,1052,1053,1052,NO DATA,NO DATA,NO DATA,NO DATA,NO DATA,NO DATA,NO DATA,NO DATA,NO DATA,NO DATA,NO DATA,NO DATA,NO DATA,NO DATA,NO DATA,42,44,43
,24-Aug-2019 12:00:00,T2.NZMA.PFE 1.Converter3,G4,1000.0,1001.0,1000.0,1023,1027,1025,NO DATA,NO DATA,NO DATA,NO DATA,NO DATA,NO DATA,NO DATA,NO DATA,NO DATA,NO DATA,NO DATA,NO DATA,NO DATA,NO DATA,NO DATA,42,45,43
,24-Aug-2019 12:00:00,T2.NZMA.PFE 1.Converter4,G4,1000.0,1001.0,1000.0,999,1000,999,NO DATA,NO DATA,NO DATA,NO DATA,NO DATA,NO DATA,NO DATA,NO DATA,NO DATA,NO DATA,NO DATA,NO DATA,NO DATA,NO DATA,NO DATA,42,44,43
,24-Aug-2019 12:00:00,T2.NZMA.PFE 1.Converter5,G4,999.0,1000.0,999.0,1070,1073,1070,NO DATA,NO DATA,NO DATA,NO DATA,NO DATA,NO DATA,NO DATA,NO DATA,NO DATA,NO DATA,NO DATA,NO DATA,NO DATA,NO DATA,NO DATA,42,45,43
,24-Aug-2019 12:00:00,T3.AUSY.PFE 1,G3,999.0,1001.0,999.0,2502,2504,2502,993.0,1004.0,998.0,NO DATA,NO DATA,1.0,NO DATA,NO DATA,13,NO DATA,NO DATA,NO DATA,NO DATA,NO DATA,NO DATA,NO DATA,NO DATA,NO DATA
,24-Aug-2019 12:00:00,T3.AUSY.PFE 1.Converter1,G3,999.0,1001.0,999.0,1259,1261,1259,NO DATA,NO DATA,NO DATA,NO DATA,NO DATA,NO DATA,NO DATA,NO DATA,NO DATA,NO DATA,NO DATA,NO DATA,NO DATA,NO DATA,NO DATA,39,42,41
,24-Aug-2019 12:00:00,T3.AUSY.PFE 1.Converter2,G3,999.0,1001.0,999.0,1293,1295,1294,NO DATA,NO DATA,NO DATA,NO DATA,NO DATA,NO DATA,NO DATA,NO DATA,NO DATA,NO DATA,NO DATA,NO DATA,NO DATA,NO DATA,NO DATA,37,38,37
,24-Aug-2019 12:00:00,T4.USPA.PFE 1,G4,998.0,1000.0,998.0,5263,5264,5263,998.0,1000.0,998.0,1.0,2.0,1.0,73,93,84,956.0,957.0,956.0,0.0,0.0,0.0,NO DATA,NO DATA,NO DATA
,24-Aug-2019 12:00:00,T4.USPA.PFE 1.Converter1,G4,998.0,999.0,998.0,1771,1774,1772,NO DATA,NO DATA,NO DATA,NO DATA,NO DATA,NO DATA,NO DATA,NO DATA,NO DATA,NO DATA,NO DATA,NO DATA,NO DATA,NO DATA,NO DATA,42,44,43
,24-Aug-2019 12:00:00,T4.USPA.PFE 1.Converter2,G4,997.0,999.0,998.0,1737,1740,1738,NO DATA,NO DATA,NO DATA,NO DATA,NO DATA,NO DATA,NO DATA,NO DATA,NO DATA,NO DATA,NO DATA,NO DATA,NO DATA,NO DATA,NO DATA,42,44,42
,24-Aug-2019 12:00:00,T4.USPA.PFE 1.Converter3,G4,997.0,998.0,997.0,1806,1808,1807,NO DATA,NO DATA,NO DATA,NO DATA,NO DATA,NO DATA,NO DATA,NO DATA,NO DATA,NO DATA,NO DATA,NO DATA,NO DATA,NO DATA,NO DATA,42,45,43
,24-Aug-2019 12:00:00,T5.HIKA.PFE 1,G4,1000.0,1000.0,1000.0,5090,5091,5090,1000.0,1000.0,1000.0,0.0,1.0,0.0,11,13,11,992.0,993.0,992.0,0.0,0.0,0.0,NO DATA,NO DATA,NO DATA
,24-Aug-2019 12:00:00,T5.HIKA.PFE 1.Converter1,G4,1000.0,1000.0,1000.0,1001,1002,1001,NO DATA,NO DATA,NO DATA,NO DATA,NO DATA,NO DATA,NO DATA,NO DATA,NO DATA,NO DATA,NO DATA,NO DATA,NO DATA,NO DATA,NO DATA,42,44,43
,24-Aug-2019 12:00:00,T5.HIKA.PFE 1.Converter2,G4,999.0,1000.0,999.0,1089,1091,1090,NO DATA,NO DATA,NO DATA,NO DATA,NO DATA,NO DATA,NO DATA,NO DATA,NO DATA,NO DATA,NO DATA,NO DATA,NO DATA,NO DATA,NO DATA,43,46,44
,24-Aug-2019 12:00:00,T5.HIKA.PFE 1.Converter3,G4,1000.0,1000.0,1000.0,1067,1071,1068,NO DATA,NO DATA,NO DATA,NO DATA,NO DATA,NO DATA,NO DATA,NO DATA,NO DATA,NO DATA,NO DATA,NO DATA,NO DATA,NO DATA,NO DATA,42,45,43
,24-Aug-2019 12:00:00,T5.HIKA.PFE 1.Converter4,G4,999.0,1000.0,999.0,1002,1006,1004,NO DATA,NO DATA,NO DATA,NO DATA,NO DATA,NO DATA,NO DATA,NO DATA,NO DATA,NO DATA,NO DATA,NO DATA,NO DATA,NO DATA,NO DATA,42,45,43
,24-Aug-2019 12:00:00,T5.HIKA.PFE 1.Converter5,G4,999.0,1000.0,999.0,1001,1002,1001,NO DATA,NO DATA,NO DATA,NO DATA,NO DATA,NO DATA,NO DATA,NO DATA,NO DATA,NO DATA,NO DATA,NO DATA,NO DATA,NO DATA,NO DATA,43,46,44
,24-Aug-2019 12:15:00,B1.ASGO.PFE 1,G3,999.0,1001.0,999.0,483,485,483,996.0,1002.0,999.0,NO DATA,NO DATA,1.0,NO DATA,NO DATA,12,NO DATA,NO DATA,NO DATA,NO DATA,NO DATA,NO DATA,NO DATA,NO DATA,NO DATA
,24-Aug-2019 12:15:00,B1.ASGO.PFE 1.Converter1,G3,999.0,1000.0,999.0,270,271,270,NO DATA,NO DATA,NO DATA,NO DATA,NO DATA,NO DATA,NO DATA,NO DATA,NO DATA,NO DATA,NO DATA,NO DATA,NO DATA,NO DATA,NO DATA,26,27,26
,24-Aug-2019 12:15:00,B1.ASGO.PFE 1.Converter2,G3,999.0,1001.0,1000.0,265,267,266,NO DATA,NO DATA,NO DATA,NO DATA,NO DATA,NO DATA,NO DATA,NO DATA,NO DATA,NO DATA,NO DATA,NO DATA,NO DATA,NO DATA,NO DATA,35,38,36
,24-Aug-2019 12:15:00,T2.NZMA.PFE 1,G4,1000.0,1001.0,1000.0,5114,5115,5114,1000.0,1001.0,1000.0,0.0,1.0,0.0,12,13,12,990.0,992.0,991.0,0.0,0.0,0.0,NO DATA,NO DATA,NO DATA
,24-Aug-2019 12:15:00,T2.NZMA.PFE 1.Converter1,G4,999.0,1000.0,999.0,1041,1044,1041,NO DATA,NO DATA,NO DATA,NO DATA,NO DATA,NO DATA,NO DATA,NO DATA,NO DATA,NO DATA,NO DATA,NO DATA,NO DATA,NO DATA,NO DATA,42,45,43
,24-Aug-2019 12:15:00,T2.NZMA.PFE 1.Converter2,G4,999.0,1000.0,999.0,1052,1053,1052,NO DATA,NO DATA,NO DATA,NO DATA,NO DATA,NO DATA,NO DATA,NO DATA,NO DATA,NO DATA,NO DATA,NO DATA,NO DATA,NO DATA,NO DATA,42,45,43
,24-Aug-2019 12:15:00,T2.NZMA.PFE 1.Converter3,G4,1000.0,1001.0,1000.0,1023,1027,1025,NO DATA,NO DATA,NO DATA,NO DATA,NO DATA,NO DATA,NO DATA,NO DATA,NO DATA,NO DATA,NO DATA,NO DATA,NO DATA,NO DATA,NO DATA,42,44,43
,24-Aug-2019 12:15:00,T2.NZMA.PFE 1.Converter4,G4,1000.0,1001.0,1000.0,999,1000,999,NO DATA,NO DATA,NO DATA,NO DATA,NO DATA,NO DATA,NO DATA,NO DATA,NO DATA,NO DATA,NO DATA,NO DATA,NO DATA,NO DATA,NO DATA,42,45,43
,24-Aug-2019 12:15:00,T2.NZMA.PFE 1.Converter5,G4,999.0,1000.0,999.0,1070,1073,1070,NO DATA,NO DATA,NO DATA,NO DATA,NO DATA,NO DATA,NO DATA,NO DATA,NO DATA,NO DATA,NO DATA,NO DATA,NO DATA,NO DATA,NO DATA,42,45,43
,24-Aug-2019 12:15:00,T3.AUSY.PFE 1,G3,998.0,1002.0,999.0,2502,2504,2503,983.0,1015.0,998.0,NO DATA,NO DATA,1.0,NO DATA,NO DATA,13,NO DATA,NO DATA,NO DATA,NO DATA,NO DATA,NO DATA,NO DATA,NO DATA,NO DATA
,24-Aug-2019 12:15:00,T3.AUSY.PFE 1.Converter1,G3,998.0,1002.0,999.0,1259,1260,1259,NO DATA,NO DATA,NO DATA,NO DATA,NO DATA,NO DATA,NO DATA,NO DATA,NO DATA,NO DATA,NO DATA,NO DATA,NO DATA,NO DATA,NO DATA,40,42,41
,24-Aug-2019 12:15:00,T3.AUSY.PFE 1.Converter2,G3,998.0,1001.0,999.0,1293,1295,1294,NO DATA,NO DATA,NO DATA,NO DATA,NO DATA,NO DATA,NO DATA,NO DATA,NO DATA,NO DATA,NO DATA,NO DATA,NO DATA,NO DATA,NO DATA,37,38,37
,24-Aug-2019 12:15:00,T4.USPA.PFE 1,G4,998.0,1000.0,998.0,5262,5264,5263,998.0,1000.0,998.0,1.0,2.0,1.0,73,94,84,956.0,957.0,956.0,0.0,0.0,0.0,NO DATA,NO DATA,NO DATA
,24-Aug-2019 12:15:00,T4.USPA.PFE 1.Converter1,G4,998.0,999.0,998.0,1771,1773,1772,NO DATA,NO DATA,NO DATA,NO DATA,NO DATA,NO DATA,NO DATA,NO DATA,NO DATA,NO DATA,NO DATA,NO DATA,NO DATA,NO DATA,NO DATA,42,44,43
,24-Aug-2019 12:15:00,T4.USPA.PFE 1.Converter2,G4,997.0,999.0,998.0,1738,1741,1739,NO DATA,NO DATA,NO DATA,NO DATA,NO DATA,NO DATA,NO DATA,NO DATA,NO DATA,NO DATA,NO DATA,NO DATA,NO DATA,NO DATA,NO DATA,42,44,43
,24-Aug-2019 12:15:00,T4.USPA.PFE 1.Converter3,G4,997.0,998.0,997.0,1805,1808,1806,NO DATA,NO DATA,NO DATA,NO DATA,NO DATA,NO DATA,NO DATA,NO DATA,NO DATA,NO DATA,NO DATA,NO DATA,NO DATA,NO DATA,NO DATA,42,45,43
,24-Aug-2019 12:15:00,T5.HIKA.PFE 1,G4,1000.0,1000.0,1000.0,5090,5091,5090,1000.0,1000.0,1000.0,0.0,1.0,0.0,11,13,11,992.0,993.0,992.0,0.0,0.0,0.0,NO DATA,NO DATA,NO DATA
,24-Aug-2019 12:15:00,T5.HIKA.PFE 1.Converter1,G4,1000.0,1000.0,1000.0,1001,1002,1001,NO DATA,NO DATA,NO DATA,NO DATA,NO DATA,NO DATA,NO DATA,NO DATA,NO DATA,NO DATA,NO DATA,NO DATA,NO DATA,NO DATA,NO DATA,42,44,43
,24-Aug-2019 12:15:00,T5.HIKA.PFE 1.Converter2,G4,999.0,1000.0,999.0,1089,1091,1089,NO DATA,NO DATA,NO DATA,NO DATA,NO DATA,NO DATA,NO DATA,NO DATA,NO DATA,NO DATA,NO DATA,NO DATA,NO DATA,NO DATA,NO DATA,42,45,43
,24-Aug-2019 12:15:00,T5.HIKA.PFE 1.Converter3,G4,999.0,1000.0,999.0,1067,1071,1068,NO DATA,NO DATA,NO DATA,NO DATA,NO DATA,NO DATA,NO DATA,NO DATA,NO DATA,NO DATA,NO DATA,NO DATA,NO DATA,NO DATA,NO DATA,42,44,43
,24-Aug-2019 12:15:00,T5.HIKA.PFE 1.Converter4,G4,999.0,1000.0,999.0,1002,1006,1004,NO DATA,NO DATA,NO DATA,NO DATA,NO DATA,NO DATA,NO DATA,NO DATA,NO DATA,NO DATA,NO DATA,NO DATA,NO DATA,NO DATA,NO DATA,42,45,43
,24-Aug-2019 12:15:00,T5.HIKA.PFE 1.Converter5,G4,999.0,1000.0,999.0,1001,1002,1001,NO DATA,NO DATA,NO DATA,NO DATA,NO DATA,NO DATA,NO DATA,NO DATA,NO DATA,NO DATA,NO DATA,NO DATA,NO DATA,NO DATA,NO DATA,42,45,43
,24-Aug-2019 12:30:00,B1.ASGO.PFE 1,G3,999.0,1001.0,999.0,483,485,483,996.0,1002.0,999.0,NO DATA,NO DATA,1.0,NO DATA,NO DATA,12,NO DATA,NO DATA,NO DATA,NO DATA,NO DATA,NO DATA,NO DATA,NO DATA,NO DATA
,24-Aug-2019 12:30:00,B1.ASGO.PFE 1.Converter1,G3,999.0,1000.0,999.0,270,271,270,NO DATA,NO DATA,NO DATA,NO DATA,NO DATA,NO DATA,NO DATA,NO DATA,NO DATA,NO DATA,NO DATA,NO DATA,NO DATA,NO DATA,NO DATA,26,28,26
,24-Aug-2019 12:30:00,B1.ASGO.PFE 1.Converter2,G3,999.0,1001.0,1000.0,265,267,266,NO DATA,NO DATA,NO DATA,NO DATA,NO DATA,NO DATA,NO DATA,NO DATA,NO DATA,NO DATA,NO DATA,NO DATA,NO DATA,NO DATA,NO DATA,35,38,36
,24-Aug-2019 12:30:00,T2.NZMA.PFE 1,G4,1000.0,1001.0,1000.0,5114,5115,5114,1000.0,1001.0,1000.0,0.0,1.0,0.0,12,12,12,990.0,992.0,991.0,0.0,0.0,0.0,NO DATA,NO DATA,NO DATA
,24-Aug-2019 12:30:00,T2.NZMA.PFE 1.Converter1,G4,999.0,1000.0,999.0,1041,1045,1041,NO DATA,NO DATA,NO DATA,NO DATA,NO DATA,NO DATA,NO DATA,NO DATA,NO DATA,NO DATA,NO DATA,NO DATA,NO DATA,NO DATA,NO DATA,42,45,43
,24-Aug-2019 12:30:00,T2.NZMA.PFE 1.Converter2,G4,999.0,1000.0,999.0,1052,1053,1052,NO DATA,NO DATA,NO DATA,NO DATA,NO DATA,NO DATA,NO DATA,NO DATA,NO DATA,NO DATA,NO DATA,NO DATA,NO DATA,NO DATA,NO DATA,42,44,43
,24-Aug-2019 12:30:00,T2.NZMA.PFE 1.Converter3,G4,1000.0,1001.0,1000.0,1023,1027,1024,NO DATA,NO DATA,NO DATA,NO DATA,NO DATA,NO DATA,NO DATA,NO DATA,NO DATA,NO DATA,NO DATA,NO DATA,NO DATA,NO DATA,NO DATA,42,45,43
,24-Aug-2019 12:30:00,T2.NZMA.PFE 1.Converter4,G4,1000.0,1001.0,1000.0,999,1000,999,NO DATA,NO DATA,NO DATA,NO DATA,NO DATA,NO DATA,NO DATA,NO DATA,NO DATA,NO DATA,NO DATA,NO DATA,NO DATA,NO DATA,NO DATA,42,45,43
,24-Aug-2019 12:30:00,T2.NZMA.PFE 1.Converter5,G4,999.0,1000.0,999.0,1070,1072,1070,NO DATA,NO DATA,NO DATA,NO DATA,NO DATA,NO DATA,NO DATA,NO DATA,NO DATA,NO DATA,NO DATA,NO DATA,NO DATA,NO DATA,NO DATA,42,44,43
,24-Aug-2019 12:30:00,T3.AUSY.PFE 1,G3,998.0,1002.0,999.0,2502,2504,2503,981.0,1020.0,998.0,NO DATA,NO DATA,1.0,NO DATA,NO DATA,13,NO DATA,NO DATA,NO DATA,NO DATA,NO DATA,NO DATA,NO DATA,NO DATA,NO DATA
,24-Aug-2019 12:30:00,T3.AUSY.PFE 1.Converter1,G3,998.0,1002.0,999.0,1259,1261,1259,NO DATA,NO DATA,NO DATA,NO DATA,NO DATA,NO DATA,NO DATA,NO DATA,NO DATA,NO DATA,NO DATA,NO DATA,NO DATA,NO DATA,NO DATA,39,42,40
,24-Aug-2019 12:30:00,T3.AUSY.PFE 1.Converter2,G3,998.0,1001.0,999.0,1293,1296,1294,NO DATA,NO DATA,NO DATA,NO DATA,NO DATA,NO DATA,NO DATA,NO DATA,NO DATA,NO DATA,NO DATA,NO DATA,NO DATA,NO DATA,NO DATA,37,38,37
,24-Aug-2019 12:30:00,T4.USPA.PFE 1,G4,998.0,1000.0,998.0,5262,5264,5263,998.0,1000.0,998.0,1.0,2.0,1.0,73,94,84,956.0,957.0,956.0,0.0,0.0,0.0,NO DATA,NO DATA,NO DATA
,24-Aug-2019 12:30:00,T4.USPA.PFE 1.Converter1,G4,997.0,999.0,998.0,1771,1773,1772,NO DATA,NO DATA,NO DATA,NO DATA,NO DATA,NO DATA,NO DATA,NO DATA,NO DATA,NO DATA,NO DATA,NO DATA,NO DATA,NO DATA,NO DATA,42,44,43
,24-Aug-2019 12:30:00,T4.USPA.PFE 1.Converter2,G4,997.0,999.0,998.0,1738,1740,1738,NO DATA,NO DATA,NO DATA,NO DATA,NO DATA,NO DATA,NO DATA,NO DATA,NO DATA,NO DATA,NO DATA,NO DATA,NO DATA,NO DATA,NO DATA,42,44,43
,24-Aug-2019 12:30:00,T4.USPA.PFE 1.Converter3,G4,997.0,999.0,997.0,1805,1808,1806,NO DATA,NO DATA,NO DATA,NO DATA,NO DATA,NO DATA,NO DATA,NO DATA,NO DATA,NO DATA,NO DATA,NO DATA,NO DATA,NO DATA,NO DATA,42,45,43
,24-Aug-2019 12:30:00,T5.HIKA.PFE 1,G4,1000.0,1000.0,1000.0,5090,5091,5090,1000.0,1000.0,1000.0,0.0,1.0,0.0,11,13,11,992.0,993.0,992.0,0.0,0.0,0.0,NO DATA,NO DATA,NO DATA
,24-Aug-2019 12:30:00,T5.HIKA.PFE 1.Converter1,G4,1000.0,1000.0,1000.0,1001,1002,1001,NO DATA,NO DATA,NO DATA,NO DATA,NO DATA,NO DATA,NO DATA,NO DATA,NO DATA,NO DATA,NO DATA,NO DATA,NO DATA,NO DATA,NO DATA,42,46,44
,24-Aug-2019 12:30:00,T5.HIKA.PFE 1.Converter2,G4,999.0,1000.0,999.0,1089,1091,1090,NO DATA,NO DATA,NO DATA,NO DATA,NO DATA,NO DATA,NO DATA,NO DATA,NO DATA,NO DATA,NO DATA,NO DATA,NO DATA,NO DATA,NO DATA,43,47,45
,24-Aug-2019 12:30:00,T5.HIKA.PFE 1.Converter3,G4,999.0,1000.0,999.0,1067,1070,1067,NO DATA,NO DATA,NO DATA,NO DATA,NO DATA,NO DATA,NO DATA,NO DATA,NO DATA,NO DATA,NO DATA,NO DATA,NO DATA,NO DATA,NO DATA,43,46,44
,24-Aug-2019 12:30:00,T5.HIKA.PFE 1.Converter4,G4,999.0,1000.0,999.0,1002,1006,1005,NO DATA,NO DATA,NO DATA,NO DATA,NO DATA,NO DATA,NO DATA,NO DATA,NO DATA,NO DATA,NO DATA,NO DATA,NO DATA,NO DATA,NO DATA,42,46,45
,24-Aug-2019 12:30:00,T5.HIKA.PFE 1.Converter5,G4,999.0,1000.0,999.0,1001,1002,1001,NO DATA,NO DATA,NO DATA,NO DATA,NO DATA,NO DATA,NO DATA,NO DATA,NO DATA,NO DATA,NO DATA,NO DATA,NO DATA,NO DATA,NO DATA,42,47,45
,24-Aug-2019 12:45:00,B1.ASGO.PFE 1,G3,999.0,1001.0,999.0,483,485,483,997.0,1002.0,999.0,NO DATA,NO DATA,1.0,NO DATA,NO DATA,12,NO DATA,NO DATA,NO DATA,NO DATA,NO DATA,NO DATA,NO DATA,NO DATA,NO DATA
,24-Aug-2019 12:45:00,B1.ASGO.PFE 1.Converter1,G3,999.0,1000.0,999.0,270,271,270,NO DATA,NO DATA,NO DATA,NO DATA,NO DATA,NO DATA,NO DATA,NO DATA,NO DATA,NO DATA,NO DATA,NO DATA,NO DATA,NO DATA,NO DATA,27,29,28
,24-Aug-2019 12:45:00,B1.ASGO.PFE 1.Converter2,G3,999.0,1001.0,1000.0,265,267,265,NO DATA,NO DATA,NO DATA,NO DATA,NO DATA,NO DATA,NO DATA,NO DATA,NO DATA,NO DATA,NO DATA,NO DATA,NO DATA,NO DATA,NO DATA,36,39,37
,24-Aug-2019 12:45:00,T2.NZMA.PFE 1,G4,1000.0,1001.0,1000.0,5114,5116,5114,1000.0,1001.0,1000.0,0.0,1.0,0.0,12,13,12,990.0,992.0,991.0,0.0,0.0,0.0,NO DATA,NO DATA,NO DATA
,24-Aug-2019 12:45:00,T2.NZMA.PFE 1.Converter1,G4,999.0,1000.0,999.0,1041,1045,1041,NO DATA,NO DATA,NO DATA,NO DATA,NO DATA,NO DATA,NO DATA,NO DATA,NO DATA,NO DATA,NO DATA,NO DATA,NO DATA,NO DATA,NO DATA,42,45,43
,24-Aug-2019 12:45:00,T2.NZMA.PFE 1.Converter2,G4,999.0,1000.0,999.0,1052,1053,1052,NO DATA,NO DATA,NO DATA,NO DATA,NO DATA,NO DATA,NO DATA,NO DATA,NO DATA,NO DATA,NO DATA,NO DATA,NO DATA,NO DATA,NO DATA,42,44,43
,24-Aug-2019 12:45:00,T2.NZMA.PFE 1.Converter3,G4,1000.0,1001.0,1000.0,1023,1027,1025,NO DATA,NO DATA,NO DATA,NO DATA,NO DATA,NO DATA,NO DATA,NO DATA,NO DATA,NO DATA,NO DATA,NO DATA,NO DATA,NO DATA,NO DATA,42,45,43
,24-Aug-2019 12:45:00,T2.NZMA.PFE 1.Converter4,G4,1000.0,1001.0,1000.0,999,1000,999,NO DATA,NO DATA,NO DATA,NO DATA,NO DATA,NO DATA,NO DATA,NO DATA,NO DATA,NO DATA,NO DATA,NO DATA,NO DATA,NO DATA,NO DATA,42,45,43
,24-Aug-2019 12:45:00,T2.NZMA.PFE 1.Converter5,G4,999.0,1000.0,999.0,1070,1071,1070,NO DATA,NO DATA,NO DATA,NO DATA,NO DATA,NO DATA,NO DATA,NO DATA,NO DATA,NO DATA,NO DATA,NO DATA,NO DATA,NO DATA,NO DATA,42,45,43
,24-Aug-2019 12:45:00,T3.AUSY.PFE 1,G3,998.0,1002.0,999.0,2502,2505,2503,982.0,1016.0,998.0,NO DATA,NO DATA,1.0,NO DATA,NO DATA,13,NO DATA,NO DATA,NO DATA,NO DATA,NO DATA,NO DATA,NO DATA,NO DATA,NO DATA
,24-Aug-2019 12:45:00,T3.AUSY.PFE 1.Converter1,G3,998.0,1002.0,999.0,1259,1261,1259,NO DATA,NO DATA,NO DATA,NO DATA,NO DATA,NO DATA,NO DATA,NO DATA,NO DATA,NO DATA,NO DATA,NO DATA,NO DATA,NO DATA,NO DATA,39,42,40
,24-Aug-2019 12:45:00,T3.AUSY.PFE 1.Converter2,G3,998.0,1001.0,999.0,1293,1296,1294,NO DATA,NO DATA,NO DATA,NO DATA,NO DATA,NO DATA,NO DATA,NO DATA,NO DATA,NO DATA,NO DATA,NO DATA,NO DATA,NO DATA,NO DATA,37,38,37
,24-Aug-2019 12:45:00,T4.USPA.PFE 1,G4,998.0,1000.0,998.0,5262,5264,5263,998.0,1000.0,998.0,1.0,2.0,1.0,73,94,84,956.0,958.0,956.0,0.0,0.0,0.0,NO DATA,NO DATA,NO DATA
,24-Aug-2019 12:45:00,T4.USPA.PFE 1.Converter1,G4,997.0,999.0,998.0,1771,1774,1772,NO DATA,NO DATA,NO DATA,NO DATA,NO DATA,NO DATA,NO DATA,NO DATA,NO DATA,NO DATA,NO DATA,NO DATA,NO DATA,NO DATA,NO DATA,42,45,43
,24-Aug-2019 12:45:00,T4.USPA.PFE 1.Converter2,G4,997.0,999.0,998.0,1737,1740,1738,NO DATA,NO DATA,NO DATA,NO DATA,NO DATA,NO DATA,NO DATA,NO DATA,NO DATA,NO DATA,NO DATA,NO DATA,NO DATA,NO DATA,NO DATA,42,44,43
,24-Aug-2019 12:45:00,T4.USPA.PFE 1.Converter3,G4,997.0,998.0,997.0,1805,1808,1806,NO DATA,NO DATA,NO DATA,NO DATA,NO DATA,NO DATA,NO DATA,NO DATA,NO DATA,NO DATA,NO DATA,NO DATA,NO DATA,NO DATA,NO DATA,42,45,43
,24-Aug-2019 12:45:00,T5.HIKA.PFE 1,G4,1000.0,1000.0,1000.0,5089,5091,5090,1000.0,1000.0,1000.0,0.0,1.0,0.0,11,13,11,992.0,993.0,992.0,0.0,0.0,0.0,NO DATA,NO DATA,NO DATA
,24-Aug-2019 12:45:00,T5.HIKA.PFE 1.Converter1,G4,1000.0,1000.0,1000.0,1001,1002,1001,NO DATA,NO DATA,NO DATA,NO DATA,NO DATA,NO DATA,NO DATA,NO DATA,NO DATA,NO DATA,NO DATA,NO DATA,NO DATA,NO DATA,NO DATA,42,45,43
,24-Aug-2019 12:45:00,T5.HIKA.PFE 1.Converter2,G4,999.0,1000.0,999.0,1089,1091,1089,NO DATA,NO DATA,NO DATA,NO DATA,NO DATA,NO DATA,NO DATA,NO DATA,NO DATA,NO DATA,NO DATA,NO DATA,NO DATA,NO DATA,NO DATA,42,48,44
,24-Aug-2019 12:45:00,T5.HIKA.PFE 1.Converter3,G4,1000.0,1000.0,1000.0,1067,1071,1068,NO DATA,NO DATA,NO DATA,NO DATA,NO DATA,NO DATA,NO DATA,NO DATA,NO DATA,NO DATA,NO DATA,NO DATA,NO DATA,NO DATA,NO DATA,42,46,44
,24-Aug-2019 12:45:00,T5.HIKA.PFE 1.Converter4,G4,999.0,1000.0,999.0,1002,1007,1004,NO DATA,NO DATA,NO DATA,NO DATA,NO DATA,NO DATA,NO DATA,NO DATA,NO DATA,NO DATA,NO DATA,NO DATA,NO DATA,NO DATA,NO DATA,42,46,44
,24-Aug-2019 12:45:00,T5.HIKA.PFE 1.Converter5,G4,999.0,1000.0,999.0,1001,1002,1001,NO DATA,NO DATA,NO DATA,NO DATA,NO DATA,NO DATA,NO DATA,NO DATA,NO DATA,NO DATA,NO DATA,NO DATA,NO DATA,NO DATA,NO DATA,42,47,44
,24-Aug-2019 13:00:00,B1.ASGO.PFE 1,G3,999.0,1001.0,1000.0,483,485,483,996.0,1002.0,999.0,NO DATA,NO DATA,1.0,NO DATA,NO DATA,12,NO DATA,NO DATA,NO DATA,NO DATA,NO DATA,NO DATA,NO DATA,NO DATA,NO DATA
,24-Aug-2019 13:00:00,B1.ASGO.PFE 1.Converter1,G3,999.0,1000.0,999.0,270,271,270,NO DATA,NO DATA,NO DATA,NO DATA,NO DATA,NO DATA,NO DATA,NO DATA,NO DATA,NO DATA,NO DATA,NO DATA,NO DATA,NO DATA,NO DATA,28,29,28
,24-Aug-2019 13:00:00,B1.ASGO.PFE 1.Converter2,G3,999.0,1001.0,1000.0,265,267,265,NO DATA,NO DATA,NO DATA,NO DATA,NO DATA,NO DATA,NO DATA,NO DATA,NO DATA,NO DATA,NO DATA,NO DATA,NO DATA,NO DATA,NO DATA,36,39,37
,24-Aug-2019 13:00:00,T2.NZMA.PFE 1,G4,1000.0,1001.0,1000.0,5116,5116,5116,1000.0,1001.0,1000.0,0.0,1.0,0.0,12,13,12,990.0,992.0,991.0,0.0,0.0,0.0,NO DATA,NO DATA,NO DATA
,24-Aug-2019 13:00:00,T2.NZMA.PFE 1.Converter1,G4,999.0,1000.0,999.0,1041,1045,1041,NO DATA,NO DATA,NO DATA,NO DATA,NO DATA,NO DATA,NO DATA,NO DATA,NO DATA,NO DATA,NO DATA,NO DATA,NO DATA,NO DATA,NO DATA,42,45,43
,24-Aug-2019 13:00:00,T2.NZMA.PFE 1.Converter2,G4,999.0,1000.0,999.0,1052,1053,1052,NO DATA,NO DATA,NO DATA,NO DATA,NO DATA,NO DATA,NO DATA,NO DATA,NO DATA,NO DATA,NO DATA,NO DATA,NO DATA,NO DATA,NO DATA,42,44,43
,24-Aug-2019 13:00:00,T2.NZMA.PFE 1.Converter3,G4,1000.0,1001.0,1000.0,1023,1027,1026,NO DATA,NO DATA,NO DATA,NO DATA,NO DATA,NO DATA,NO DATA,NO DATA,NO DATA,NO DATA,NO DATA,NO DATA,NO DATA,NO DATA,NO DATA,42,45,43
,24-Aug-2019 13:00:00,T2.NZMA.PFE 1.Converter4,G4,1000.0,1001.0,1000.0,999,1000,999,NO DATA,NO DATA,NO DATA,NO DATA,NO DATA,NO DATA,NO DATA,NO DATA,NO DATA,NO DATA,NO DATA,NO DATA,NO DATA,NO DATA,NO DATA,42,44,43
,24-Aug-2019 13:00:00,T2.NZMA.PFE 1.Converter5,G4,999.0,1000.0,999.0,1070,1072,1070,NO DATA,NO DATA,NO DATA,NO DATA,NO DATA,NO DATA,NO DATA,NO DATA,NO DATA,NO DATA,NO DATA,NO DATA,NO DATA,NO DATA,NO DATA,42,44,43
,24-Aug-2019 13:00:00,T3.AUSY.PFE 1,G3,998.0,1001.0,1000.0,2502,2505,2503,981.0,1019.0,998.0,NO DATA,NO DATA,1.0,NO DATA,NO DATA,13,NO DATA,NO DATA,NO DATA,NO DATA,NO DATA,NO DATA,NO DATA,NO DATA,NO DATA
,24-Aug-2019 13:00:00,T3.AUSY.PFE 1.Converter1,G3,998.0,1002.0,999.0,1259,1261,1259,NO DATA,NO DATA,NO DATA,NO DATA,NO DATA,NO DATA,NO DATA,NO DATA,NO DATA,NO DATA,NO DATA,NO DATA,NO DATA,NO DATA,NO DATA,39,42,41
,24-Aug-2019 13:00:00,T3.AUSY.PFE 1.Converter2,G3,998.0,1002.0,999.0,1294,1296,1294,NO DATA,NO DATA,NO DATA,NO DATA,NO DATA,NO DATA,NO DATA,NO DATA,NO DATA,NO DATA,NO DATA,NO DATA,NO DATA,NO DATA,NO DATA,37,38,37
,24-Aug-2019 13:00:00,T4.USPA.PFE 1,G4,998.0,1000.0,998.0,5262,5264,5263,998.0,1000.0,998.0,1.0,2.0,1.0,72,94,84,956.0,957.0,956.0,0.0,0.0,0.0,NO DATA,NO DATA,NO DATA
,24-Aug-2019 13:00:00,T4.USPA.PFE 1.Converter1,G4,998.0,999.0,998.0,1772,1774,1772,NO DATA,NO DATA,NO DATA,NO DATA,NO DATA,NO DATA,NO DATA,NO DATA,NO DATA,NO DATA,NO DATA,NO DATA,NO DATA,NO DATA,NO DATA,42,44,43
,24-Aug-2019 13:00:00,T4.USPA.PFE 1.Converter2,G4,997.0,999.0,998.0,1737,1740,1738,NO DATA,NO DATA,NO DATA,NO DATA,NO DATA,NO DATA,NO DATA,NO DATA,NO DATA,NO DATA,NO DATA,NO DATA,NO DATA,NO DATA,NO DATA,42,44,43
,24-Aug-2019 13:00:00,T4.USPA.PFE 1.Converter3,G4,997.0,998.0,997.0,1806,1808,1807,NO DATA,NO DATA,NO DATA,NO DATA,NO DATA,NO DATA,NO DATA,NO DATA,NO DATA,NO DATA,NO DATA,NO DATA,NO DATA,NO DATA,NO DATA,42,45,43
,24-Aug-2019 13:00:00,T5.HIKA.PFE 1,G4,1000.0,1000.0,1000.0,5089,5089,5089,1000.0,1000.0,1000.0,0.0,1.0,0.0,11,13,11,992.0,993.0,992.0,0.0,0.0,0.0,NO DATA,NO DATA,NO DATA
,24-Aug-2019 13:00:00,T5.HIKA.PFE 1.Converter1,G4,1000.0,1000.0,1000.0,1000,1002,1001,NO DATA,NO DATA,NO DATA,NO DATA,NO DATA,NO DATA,NO DATA,NO DATA,NO DATA,NO DATA,NO DATA,NO DATA,NO DATA,NO DATA,NO DATA,42,44,43
,24-Aug-2019 13:00:00,T5.HIKA.PFE 1.Converter2,G4,999.0,1000.0,999.0,1089,1091,1089,NO DATA,NO DATA,NO DATA,NO DATA,NO DATA,NO DATA,NO DATA,NO DATA,NO DATA,NO DATA,NO DATA,NO DATA,NO DATA,NO DATA,NO DATA,42,45,43
,24-Aug-2019 13:00:00,T5.HIKA.PFE 1.Converter3,G4,999.0,1000.0,999.0,1067,1070,1068,NO DATA,NO DATA,NO DATA,NO DATA,NO DATA,NO DATA,NO DATA,NO DATA,NO DATA,NO DATA,NO DATA,NO DATA,NO DATA,NO DATA,NO DATA,42,45,43
,24-Aug-2019 13:00:00,T5.HIKA.PFE 1.Converter4,G4,999.0,1000.0,999.0,1002,1006,1004,NO DATA,NO DATA,NO DATA,NO DATA,NO DATA,NO DATA,NO DATA,NO DATA,NO DATA,NO DATA,NO DATA,NO DATA,NO DATA,NO DATA,NO DATA,42,45,43
,24-Aug-2019 13:00:00,T5.HIKA.PFE 1.Converter5,G4,999.0,1000.0,999.0,1001,1002,1001,NO DATA,NO DATA,NO DATA,NO DATA,NO DATA,NO DATA,NO DATA,NO DATA,NO DATA,NO DATA,NO DATA,NO DATA,NO DATA,NO DATA,NO DATA,43,45,43
,24-Aug-2019 13:15:00,B1.ASGO.PFE 1,G3,999.0,1001.0,1000.0,483,485,483,996.0,1002.0,999.0,NO DATA,NO DATA,1.0,NO DATA,NO DATA,12,NO DATA,NO DATA,NO DATA,NO DATA,NO DATA,NO DATA,NO DATA,NO DATA,NO DATA
,24-Aug-2019 13:15:00,B1.ASGO.PFE 1.Converter1,G3,999.0,1000.0,999.0,270,271,270,NO DATA,NO DATA,NO DATA,NO DATA,NO DATA,NO DATA,NO DATA,NO DATA,NO DATA,NO DATA,NO DATA,NO DATA,NO DATA,NO DATA,NO DATA,29,30,29
,24-Aug-2019 13:15:00,B1.ASGO.PFE 1.Converter2,G3,999.0,1001.0,1000.0,265,267,265,NO DATA,NO DATA,NO DATA,NO DATA,NO DATA,NO DATA,NO DATA,NO DATA,NO DATA,NO DATA,NO DATA,NO DATA,NO DATA,NO DATA,NO DATA,36,39,37
,24-Aug-2019 13:15:00,T2.NZMA.PFE 1,G4,1000.0,1001.0,1000.0,5116,5117,5116,1000.0,1001.0,1000.0,0.0,1.0,0.0,12,12,12,990.0,992.0,991.0,0.0,0.0,0.0,NO DATA,NO DATA,NO DATA
,24-Aug-2019 13:15:00,T2.NZMA.PFE 1.Converter1,G4,999.0,1000.0,999.0,1041,1045,1042,NO DATA,NO DATA,NO DATA,NO DATA,NO DATA,NO DATA,NO DATA,NO DATA,NO DATA,NO DATA,NO DATA,NO DATA,NO DATA,NO DATA,NO DATA,42,45,43
,24-Aug-2019 13:15:00,T2.NZMA.PFE 1.Converter2,G4,999.0,1000.0,999.0,1052,1053,1052,NO DATA,NO DATA,NO DATA,NO DATA,NO DATA,NO DATA,NO DATA,NO DATA,NO DATA,NO DATA,NO DATA,NO DATA,NO DATA,NO DATA,NO DATA,42,44,43
,24-Aug-2019 13:15:00,T2.NZMA.PFE 1.Converter3,G4,1000.0,1001.0,1000.0,1023,1027,1026,NO DATA,NO DATA,NO DATA,NO DATA,NO DATA,NO DATA,NO DATA,NO DATA,NO DATA,NO DATA,NO DATA,NO DATA,NO DATA,NO DATA,NO DATA,42,44,43
,24-Aug-2019 13:15:00,T2.NZMA.PFE 1.Converter4,G4,1000.0,1001.0,1000.0,999,1002,999,NO DATA,NO DATA,NO DATA,NO DATA,NO DATA,NO DATA,NO DATA,NO DATA,NO DATA,NO DATA,NO DATA,NO DATA,NO DATA,NO DATA,NO DATA,42,44,43
,24-Aug-2019 13:15:00,T2.NZMA.PFE 1.Converter5,G4,999.0,1000.0,999.0,1070,1074,1071,NO DATA,NO DATA,NO DATA,NO DATA,NO DATA,NO DATA,NO DATA,NO DATA,NO DATA,NO DATA,NO DATA,NO DATA,NO DATA,NO DATA,NO DATA,42,45,43
,24-Aug-2019 13:15:00,T3.AUSY.PFE 1,G3,998.0,1002.0,999.0,2503,2505,2503,984.0,1013.0,998.0,NO DATA,NO DATA,1.0,NO DATA,NO DATA,13,NO DATA,NO DATA,NO DATA,NO DATA,NO DATA,NO DATA,NO DATA,NO DATA,NO DATA
,24-Aug-2019 13:15:00,T3.AUSY.PFE 1.Converter1,G3,998.0,1002.0,999.0,1259,1261,1259,NO DATA,NO DATA,NO DATA,NO DATA,NO DATA,NO DATA,NO DATA,NO DATA,NO DATA,NO DATA,NO DATA,NO DATA,NO DATA,NO DATA,NO DATA,39,42,40
,24-Aug-2019 13:15:00,T3.AUSY.PFE 1.Converter2,G3,998.0,1002.0,999.0,1294,1296,1294,NO DATA,NO DATA,NO DATA,NO DATA,NO DATA,NO DATA,NO DATA,NO DATA,NO DATA,NO DATA,NO DATA,NO DATA,NO DATA,NO DATA,NO DATA,37,38,37
,24-Aug-2019 13:15:00,T4.USPA.PFE 1,G4,998.0,1000.0,998.0,5263,5264,5263,998.0,1000.0,998.0,1.0,2.0,1.0,73,94,84,956.0,957.0,956.0,0.0,0.0,0.0,NO DATA,NO DATA,NO DATA
,24-Aug-2019 13:15:00,T4.USPA.PFE 1.Converter1,G4,997.0,999.0,998.0,1772,1774,1772,NO DATA,NO DATA,NO DATA,NO DATA,NO DATA,NO DATA,NO DATA,NO DATA,NO DATA,NO DATA,NO DATA,NO DATA,NO DATA,NO DATA,NO DATA,42,44,43
,24-Aug-2019 13:15:00,T4.USPA.PFE 1.Converter2,G4,997.0,999.0,998.0,1738,1740,1738,NO DATA,NO DATA,NO DATA,NO DATA,NO DATA,NO DATA,NO DATA,NO DATA,NO DATA,NO DATA,NO DATA,NO DATA,NO DATA,NO DATA,NO DATA,43,44,43
,24-Aug-2019 13:15:00,T4.USPA.PFE 1.Converter3,G4,996.0,999.0,997.0,1806,1808,1807,NO DATA,NO DATA,NO DATA,NO DATA,NO DATA,NO DATA,NO DATA,NO DATA,NO DATA,NO DATA,NO DATA,NO DATA,NO DATA,NO DATA,NO DATA,42,45,43
,24-Aug-2019 13:15:00,T5.HIKA.PFE 1,G4,1000.0,1000.0,1000.0,5087,5089,5088,1000.0,1000.0,1000.0,0.0,1.0,0.0,11,13,11,992.0,993.0,992.0,0.0,0.0,0.0,NO DATA,NO DATA,NO DATA
,24-Aug-2019 13:15:00,T5.HIKA.PFE 1.Converter1,G4,1000.0,1000.0,1000.0,1000,1002,1001,NO DATA,NO DATA,NO DATA,NO DATA,NO DATA,NO DATA,NO DATA,NO DATA,NO DATA,NO DATA,NO DATA,NO DATA,NO DATA,NO DATA,NO DATA,42,44,43
,24-Aug-2019 13:15:00,T5.HIKA.PFE 1.Converter2,G4,999.0,1000.0,999.0,1089,1091,1090,NO DATA,NO DATA,NO DATA,NO DATA,NO DATA,NO DATA,NO DATA,NO DATA,NO DATA,NO DATA,NO DATA,NO DATA,NO DATA,NO DATA,NO DATA,43,45,43
,24-Aug-2019 13:15:00,T5.HIKA.PFE 1.Converter3,G4,1000.0,1000.0,1000.0,1067,1070,1067,NO DATA,NO DATA,NO DATA,NO DATA,NO DATA,NO DATA,NO DATA,NO DATA,NO DATA,NO DATA,NO DATA,NO DATA,NO DATA,NO DATA,NO DATA,42,45,43
,24-Aug-2019 13:15:00,T5.HIKA.PFE 1.Converter4,G4,999.0,1000.0,999.0,1002,1006,1003,NO DATA,NO DATA,NO DATA,NO DATA,NO DATA,NO DATA,NO DATA,NO DATA,NO DATA,NO DATA,NO DATA,NO DATA,NO DATA,NO DATA,NO DATA,42,45,43
,24-Aug-2019 13:15:00,T5.HIKA.PFE 1.Converter5,G4,999.0,1000.0,999.0,1001,1002,1001,NO DATA,NO DATA,NO DATA,NO DATA,NO DATA,NO DATA,NO DATA,NO DATA,NO DATA,NO DATA,NO DATA,NO DATA,NO DATA,NO DATA,NO DATA,43,44,43
,24-Aug-2019 13:30:00,B1.ASGO.PFE 1,G3,999.0,1001.0,999.0,483,485,483,996.0,1002.0,999.0,NO DATA,NO DATA,1.0,NO DATA,NO DATA,12,NO DATA,NO DATA,NO DATA,NO DATA,NO DATA,NO DATA,NO DATA,NO DATA,NO DATA
,24-Aug-2019 13:30:00,B1.ASGO.PFE 1.Converter1,G3,999.0,1000.0,999.0,270,271,270,NO DATA,NO DATA,NO DATA,NO DATA,NO DATA,NO DATA,NO DATA,NO DATA,NO DATA,NO DATA,NO DATA,NO DATA,NO DATA,NO DATA,NO DATA,29,30,29
,24-Aug-2019 13:30:00,B1.ASGO.PFE 1.Converter2,G3,999.0,1001.0,1000.0,265,267,265,NO DATA,NO DATA,NO DATA,NO DATA,NO DATA,NO DATA,NO DATA,NO DATA,NO DATA,NO DATA,NO DATA,NO DATA,NO DATA,NO DATA,NO DATA,37,39,38
,24-Aug-2019 13:30:00,T2.NZMA.PFE 1,G4,1000.0,1001.0,1000.0,5117,5118,5117,1000.0,1001.0,1000.0,0.0,1.0,0.0,12,13,12,990.0,992.0,991.0,0.0,0.0,0.0,NO DATA,NO DATA,NO DATA
,24-Aug-2019 13:30:00,T2.NZMA.PFE 1.Converter1,G4,999.0,1000.0,999.0,1041,1045,1043,NO DATA,NO DATA,NO DATA,NO DATA,NO DATA,NO DATA,NO DATA,NO DATA,NO DATA,NO DATA,NO DATA,NO DATA,NO DATA,NO DATA,NO DATA,42,45,43
,24-Aug-2019 13:30:00,T2.NZMA.PFE 1.Converter2,G4,999.0,1000.0,999.0,1052,1054,1052,NO DATA,NO DATA,NO DATA,NO DATA,NO DATA,NO DATA,NO DATA,NO DATA,NO DATA,NO DATA,NO DATA,NO DATA,NO DATA,NO DATA,NO DATA,42,44,43
,24-Aug-2019 13:30:00,T2.NZMA.PFE 1.Converter3,G4,1000.0,1001.0,1000.0,1024,1028,1026,NO DATA,NO DATA,NO DATA,NO DATA,NO DATA,NO DATA,NO DATA,NO DATA,NO DATA,NO DATA,NO DATA,NO DATA,NO DATA,NO DATA,NO DATA,42,45,43
,24-Aug-2019 13:30:00,T2.NZMA.PFE 1.Converter4,G4,1000.0,1001.0,1000.0,999,1000,999,NO DATA,NO DATA,NO DATA,NO DATA,NO DATA,NO DATA,NO DATA,NO DATA,NO DATA,NO DATA,NO DATA,NO DATA,NO DATA,NO DATA,NO DATA,42,45,43
,24-Aug-2019 13:30:00,T2.NZMA.PFE 1.Converter5,G4,999.0,1000.0,999.0,1070,1073,1071,NO DATA,NO DATA,NO DATA,NO DATA,NO DATA,NO DATA,NO DATA,NO DATA,NO DATA,NO DATA,NO DATA,NO DATA,NO DATA,NO DATA,NO DATA,42,44,43
,24-Aug-2019 13:30:00,T3.AUSY.PFE 1,G3,998.0,1001.0,999.0,2503,2505,2503,981.0,1019.0,998.0,NO DATA,NO DATA,1.0,NO DATA,NO DATA,13,NO DATA,NO DATA,NO DATA,NO DATA,NO DATA,NO DATA,NO DATA,NO DATA,NO DATA
,24-Aug-2019 13:30:00,T3.AUSY.PFE 1.Converter1,G3,997.0,1002.0,999.0,1259,1260,1259,NO DATA,NO DATA,NO DATA,NO DATA,NO DATA,NO DATA,NO DATA,NO DATA,NO DATA,NO DATA,NO DATA,NO DATA,NO DATA,NO DATA,NO DATA,39,42,40
,24-Aug-2019 13:30:00,T3.AUSY.PFE 1.Converter2,G3,998.0,1001.0,999.0,1294,1296,1294,NO DATA,NO DATA,NO DATA,NO DATA,NO DATA,NO DATA,NO DATA,NO DATA,NO DATA,NO DATA,NO DATA,NO DATA,NO DATA,NO DATA,NO DATA,37,38,37
,24-Aug-2019 13:30:00,T4.USPA.PFE 1,G4,998.0,1000.0,998.0,5263,5264,5263,998.0,1000.0,998.0,1.0,2.0,1.0,73,95,84,956.0,958.0,956.0,0.0,0.0,0.0,NO DATA,NO DATA,NO DATA
,24-Aug-2019 13:30:00,T4.USPA.PFE 1.Converter1,G4,997.0,1000.0,998.0,1772,1774,1772,NO DATA,NO DATA,NO DATA,NO DATA,NO DATA,NO DATA,NO DATA,NO DATA,NO DATA,NO DATA,NO DATA,NO DATA,NO DATA,NO DATA,NO DATA,42,45,43
,24-Aug-2019 13:30:00,T4.USPA.PFE 1.Converter2,G4,997.0,999.0,998.0,1737,1740,1738,NO DATA,NO DATA,NO DATA,NO DATA,NO DATA,NO DATA,NO DATA,NO DATA,NO DATA,NO DATA,NO DATA,NO DATA,NO DATA,NO DATA,NO DATA,42,44,43
,24-Aug-2019 13:30:00,T4.USPA.PFE 1.Converter3,G4,996.0,999.0,997.0,1806,1808,1807,NO DATA,NO DATA,NO DATA,NO DATA,NO DATA,NO DATA,NO DATA,NO DATA,NO DATA,NO DATA,NO DATA,NO DATA,NO DATA,NO DATA,NO DATA,42,45,43
,24-Aug-2019 13:30:00,T5.HIKA.PFE 1,G4,1000.0,1000.0,1000.0,5087,5087,5087,1000.0,1000.0,1000.0,0.0,1.0,0.0,11,13,11,991.0,993.0,992.0,0.0,0.0,0.0,NO DATA,NO DATA,NO DATA
,24-Aug-2019 13:30:00,T5.HIKA.PFE 1.Converter1,G4,1000.0,1000.0,1000.0,1000,1002,1001,NO DATA,NO DATA,NO DATA,NO DATA,NO DATA,NO DATA,NO DATA,NO DATA,NO DATA,NO DATA,NO DATA,NO DATA,NO DATA,NO DATA,NO DATA,42,45,43
,24-Aug-2019 13:30:00,T5.HIKA.PFE 1.Converter2,G4,999.0,1000.0,999.0,1089,1091,1089,NO DATA,NO DATA,NO DATA,NO DATA,NO DATA,NO DATA,NO DATA,NO DATA,NO DATA,NO DATA,NO DATA,NO DATA,NO DATA,NO DATA,NO DATA,43,45,44
,24-Aug-2019 13:30:00,T5.HIKA.PFE 1.Converter3,G4,1000.0,1000.0,1000.0,1067,1069,1067,NO DATA,NO DATA,NO DATA,NO DATA,NO DATA,NO DATA,NO DATA,NO DATA,NO DATA,NO DATA,NO DATA,NO DATA,NO DATA,NO DATA,NO DATA,43,45,43
,24-Aug-2019 13:30:00,T5.HIKA.PFE 1.Converter4,G4,999.0,1000.0,999.0,1002,1004,1002,NO DATA,NO DATA,NO DATA,NO DATA,NO DATA,NO DATA,NO DATA,NO DATA,NO DATA,NO DATA,NO DATA,NO DATA,NO DATA,NO DATA,NO DATA,42,44,43
,24-Aug-2019 13:30:00,T5.HIKA.PFE 1.Converter5,G4,999.0,1000.0,999.0,1001,1002,1001,NO DATA,NO DATA,NO DATA,NO DATA,NO DATA,NO DATA,NO DATA,NO DATA,NO DATA,NO DATA,NO DATA,NO DATA,NO DATA,NO DATA,NO DATA,43,45,43
,24-Aug-2019 13:45:00,B1.ASGO.PFE 1,G3,999.0,1001.0,999.0,483,485,483,996.0,1002.0,999.0,NO DATA,NO DATA,1.0,NO DATA,NO DATA,12,NO DATA,NO DATA,NO DATA,NO DATA,NO DATA,NO DATA,NO DATA,NO DATA,NO DATA
,24-Aug-2019 13:45:00,B1.ASGO.PFE 1.Converter1,G3,999.0,1000.0,999.0,270,271,270,NO DATA,NO DATA,NO DATA,NO DATA,NO DATA,NO DATA,NO DATA,NO DATA,NO DATA,NO DATA,NO DATA,NO DATA,NO DATA,NO DATA,NO DATA,29,30,29
,24-Aug-2019 13:45:00,B1.ASGO.PFE 1.Converter2,G3,999.0,1001.0,1000.0,265,267,265,NO DATA,NO DATA,NO DATA,NO DATA,NO DATA,NO DATA,NO DATA,NO DATA,NO DATA,NO DATA,NO DATA,NO DATA,NO DATA,NO DATA,NO DATA,37,40,38
,24-Aug-2019 13:45:00,T2.NZMA.PFE 1,G4,1000.0,1001.0,1000.0,5117,5118,5117,1000.0,1001.0,1000.0,0.0,1.0,0.0,12,13,12,990.0,992.0,991.0,0.0,0.0,0.0,NO DATA,NO DATA,NO DATA
,24-Aug-2019 13:45:00,T2.NZMA.PFE 1.Converter1,G4,999.0,1000.0,999.0,1041,1045,1042,NO DATA,NO DATA,NO DATA,NO DATA,NO DATA,NO DATA,NO DATA,NO DATA,NO DATA,NO DATA,NO DATA,NO DATA,NO DATA,NO DATA,NO DATA,42,45,43
,24-Aug-2019 13:45:00,T2.NZMA.PFE 1.Converter2,G4,999.0,1000.0,999.0,1052,1054,1052,NO DATA,NO DATA,NO DATA,NO DATA,NO DATA,NO DATA,NO DATA,NO DATA,NO DATA,NO DATA,NO DATA,NO DATA,NO DATA,NO DATA,NO DATA,42,44,43
,24-Aug-2019 13:45:00,T2.NZMA.PFE 1.Converter3,G4,1000.0,1001.0,1000.0,1024,1028,1026,NO DATA,NO DATA,NO DATA,NO DATA,NO DATA,NO DATA,NO DATA,NO DATA,NO DATA,NO DATA,NO DATA,NO DATA,NO DATA,NO DATA,NO DATA,42,45,43
,24-Aug-2019 13:45:00,T2.NZMA.PFE 1.Converter4,G4,1000.0,1001.0,1000.0,999,1000,999,NO DATA,NO DATA,NO DATA,NO DATA,NO DATA,NO DATA,NO DATA,NO DATA,NO DATA,NO DATA,NO DATA,NO DATA,NO DATA,NO DATA,NO DATA,42,45,43
,24-Aug-2019 13:45:00,T2.NZMA.PFE 1.Converter5,G4,999.0,1000.0,999.0,1070,1073,1071,NO DATA,NO DATA,NO DATA,NO DATA,NO DATA,NO DATA,NO DATA,NO DATA,NO DATA,NO DATA,NO DATA,NO DATA,NO DATA,NO DATA,NO DATA,42,44,43
,24-Aug-2019 13:45:00,T3.AUSY.PFE 1,G3,998.0,1002.0,999.0,2503,2504,2503,981.0,1018.0,998.0,NO DATA,NO DATA,1.0,NO DATA,NO DATA,13,NO DATA,NO DATA,NO DATA,NO DATA,NO DATA,NO DATA,NO DATA,NO DATA,NO DATA
,24-Aug-2019 13:45:00,T3.AUSY.PFE 1.Converter1,G3,998.0,1001.0,999.0,1259,1261,1259,NO DATA,NO DATA,NO DATA,NO DATA,NO DATA,NO DATA,NO DATA,NO DATA,NO DATA,NO DATA,NO DATA,NO DATA,NO DATA,NO DATA,NO DATA,39,42,40
,24-Aug-2019 13:45:00,T3.AUSY.PFE 1.Converter2,G3,998.0,1002.0,999.0,1294,1295,1294,NO DATA,NO DATA,NO DATA,NO DATA,NO DATA,NO DATA,NO DATA,NO DATA,NO DATA,NO DATA,NO DATA,NO DATA,NO DATA,NO DATA,NO DATA,37,38,37
,24-Aug-2019 13:45:00,T4.USPA.PFE 1,G4,998.0,1000.0,998.0,5263,5264,5263,998.0,1000.0,998.0,1.0,2.0,1.0,73,95,84,956.0,958.0,956.0,0.0,0.0,0.0,NO DATA,NO DATA,NO DATA
,24-Aug-2019 13:45:00,T4.USPA.PFE 1.Converter1,G4,997.0,999.0,998.0,1771,1774,1772,NO DATA,NO DATA,NO DATA,NO DATA,NO DATA,NO DATA,NO DATA,NO DATA,NO DATA,NO DATA,NO DATA,NO DATA,NO DATA,NO DATA,NO DATA,42,44,43
,24-Aug-2019 13:45:00,T4.USPA.PFE 1.Converter2,G4,997.0,999.0,998.0,1738,1741,1739,NO DATA,NO DATA,NO DATA,NO DATA,NO DATA,NO DATA,NO DATA,NO DATA,NO DATA,NO DATA,NO DATA,NO DATA,NO DATA,NO DATA,NO DATA,42,44,42
,24-Aug-2019 13:45:00,T4.USPA.PFE 1.Converter3,G4,997.0,998.0,997.0,1805,1808,1806,NO DATA,NO DATA,NO DATA,NO DATA,NO DATA,NO DATA,NO DATA,NO DATA,NO DATA,NO DATA,NO DATA,NO DATA,NO DATA,NO DATA,NO DATA,42,45,43
,24-Aug-2019 13:45:00,T5.HIKA.PFE 1,G4,1000.0,1000.0,1000.0,5087,5088,5087,1000.0,1000.0,1000.0,0.0,1.0,0.0,11,13,11,992.0,993.0,992.0,0.0,0.0,0.0,NO DATA,NO DATA,NO DATA
,24-Aug-2019 13:45:00,T5.HIKA.PFE 1.Converter1,G4,1000.0,1000.0,1000.0,1000,1002,1001,NO DATA,NO DATA,NO DATA,NO DATA,NO DATA,NO DATA,NO DATA,NO DATA,NO DATA,NO DATA,NO DATA,NO DATA,NO DATA,NO DATA,NO DATA,42,45,43
,24-Aug-2019 13:45:00,T5.HIKA.PFE 1.Converter2,G4,999.0,1000.0,999.0,1088,1091,1089,NO DATA,NO DATA,NO DATA,NO DATA,NO DATA,NO DATA,NO DATA,NO DATA,NO DATA,NO DATA,NO DATA,NO DATA,NO DATA,NO DATA,NO DATA,44,45,44
,24-Aug-2019 13:45:00,T5.HIKA.PFE 1.Converter3,G4,1000.0,1000.0,1000.0,1067,1069,1067,NO DATA,NO DATA,NO DATA,NO DATA,NO DATA,NO DATA,NO DATA,NO DATA,NO DATA,NO DATA,NO DATA,NO DATA,NO DATA,NO DATA,NO DATA,43,45,43
,24-Aug-2019 13:45:00,T5.HIKA.PFE 1.Converter4,G4,999.0,1000.0,999.0,1002,1005,1002,NO DATA,NO DATA,NO DATA,NO DATA,NO DATA,NO DATA,NO DATA,NO DATA,NO DATA,NO DATA,NO DATA,NO DATA,NO DATA,NO DATA,NO DATA,43,44,43
,24-Aug-2019 13:45:00,T5.HIKA.PFE 1.Converter5,G4,999.0,1000.0,999.0,1001,1002,1001,NO DATA,NO DATA,NO DATA,NO DATA,NO DATA,NO DATA,NO DATA,NO DATA,NO DATA,NO DATA,NO DATA,NO DATA,NO DATA,NO DATA,NO DATA,44,45,44
,24-Aug-2019 14:00:00,B1.ASGO.PFE 1,G3,999.0,1001.0,999.0,483,485,483,996.0,1002.0,999.0,NO DATA,NO DATA,1.0,NO DATA,NO DATA,12,NO DATA,NO DATA,NO DATA,NO DATA,NO DATA,NO DATA,NO DATA,NO DATA,NO DATA
,24-Aug-2019 14:00:00,B1.ASGO.PFE 1.Converter1,G3,999.0,1001.0,999.0,270,271,270,NO DATA,NO DATA,NO DATA,NO DATA,NO DATA,NO DATA,NO DATA,NO DATA,NO DATA,NO DATA,NO DATA,NO DATA,NO DATA,NO DATA,NO DATA,30,30,30
,24-Aug-2019 14:00:00,B1.ASGO.PFE 1.Converter2,G3,999.0,1001.0,1000.0,265,267,265,NO DATA,NO DATA,NO DATA,NO DATA,NO DATA,NO DATA,NO DATA,NO DATA,NO DATA,NO DATA,NO DATA,NO DATA,NO DATA,NO DATA,NO DATA,37,39,38
,24-Aug-2019 14:00:00,T2.NZMA.PFE 1,G4,1000.0,1001.0,1000.0,5117,5117,5117,1000.0,1001.0,1000.0,0.0,1.0,0.0,12,13,12,990.0,992.0,991.0,0.0,0.0,0.0,NO DATA,NO DATA,NO DATA
,24-Aug-2019 14:00:00,T2.NZMA.PFE 1.Converter1,G4,999.0,1000.0,999.0,1041,1045,1042,NO DATA,NO DATA,NO DATA,NO DATA,NO DATA,NO DATA,NO DATA,NO DATA,NO DATA,NO DATA,NO DATA,NO DATA,NO DATA,NO DATA,NO DATA,42,44,43
,24-Aug-2019 14:00:00,T2.NZMA.PFE 1.Converter2,G4,999.0,1000.0,999.0,1052,1054,1052,NO DATA,NO DATA,NO DATA,NO DATA,NO DATA,NO DATA,NO DATA,NO DATA,NO DATA,NO DATA,NO DATA,NO DATA,NO DATA,NO DATA,NO DATA,42,44,43
,24-Aug-2019 14:00:00,T2.NZMA.PFE 1.Converter3,G4,1000.0,1001.0,1000.0,1024,1028,1026,NO DATA,NO DATA,NO DATA,NO DATA,NO DATA,NO DATA,NO DATA,NO DATA,NO DATA,NO DATA,NO DATA,NO DATA,NO DATA,NO DATA,NO DATA,42,44,43
,24-Aug-2019 14:00:00,T2.NZMA.PFE 1.Converter4,G4,1000.0,1001.0,1000.0,999,1000,999,NO DATA,NO DATA,NO DATA,NO DATA,NO DATA,NO DATA,NO DATA,NO DATA,NO DATA,NO DATA,NO DATA,NO DATA,NO DATA,NO DATA,NO DATA,42,45,43
,24-Aug-2019 14:00:00,T2.NZMA.PFE 1.Converter5,G4,999.0,1000.0,999.0,1070,1073,1071,NO DATA,NO DATA,NO DATA,NO DATA,NO DATA,NO DATA,NO DATA,NO DATA,NO DATA,NO DATA,NO DATA,NO DATA,NO DATA,NO DATA,NO DATA,42,44,43
,24-Aug-2019 14:00:00,T3.AUSY.PFE 1,G3,999.0,1001.0,1000.0,2503,2504,2503,993.0,1004.0,998.0,NO DATA,NO DATA,1.0,NO DATA,NO DATA,13,NO DATA,NO DATA,NO DATA,NO DATA,NO DATA,NO DATA,NO DATA,NO DATA,NO DATA
,24-Aug-2019 14:00:00,T3.AUSY.PFE 1.Converter1,G3,999.0,1000.0,999.0,1259,1261,1259,NO DATA,NO DATA,NO DATA,NO DATA,NO DATA,NO DATA,NO DATA,NO DATA,NO DATA,NO DATA,NO DATA,NO DATA,NO DATA,NO DATA,NO DATA,39,42,40
,24-Aug-2019 14:00:00,T3.AUSY.PFE 1.Converter2,G3,999.0,1000.0,999.0,1294,1295,1294,NO DATA,NO DATA,NO DATA,NO DATA,NO DATA,NO DATA,NO DATA,NO DATA,NO DATA,NO DATA,NO DATA,NO DATA,NO DATA,NO DATA,NO DATA,37,38,37
,24-Aug-2019 14:00:00,T4.USPA.PFE 1,G4,998.0,1000.0,998.0,5263,5264,5263,998.0,1000.0,998.0,1.0,2.0,1.0,72,95,84,956.0,957.0,956.0,0.0,0.0,0.0,NO DATA,NO DATA,NO DATA
,24-Aug-2019 14:00:00,T4.USPA.PFE 1.Converter1,G4,998.0,999.0,998.0,1771,1773,1772,NO DATA,NO DATA,NO DATA,NO DATA,NO DATA,NO DATA,NO DATA,NO DATA,NO DATA,NO DATA,NO DATA,NO DATA,NO DATA,NO DATA,NO DATA,42,44,43
,24-Aug-2019 14:00:00,T4.USPA.PFE 1.Converter2,G4,997.0,999.0,998.0,1738,1742,1739,NO DATA,NO DATA,NO DATA,NO DATA,NO DATA,NO DATA,NO DATA,NO DATA,NO DATA,NO DATA,NO DATA,NO DATA,NO DATA,NO DATA,NO DATA,42,44,43
,24-Aug-2019 14:00:00,T4.USPA.PFE 1.Converter3,G4,997.0,998.0,997.0,1805,1808,1806,NO DATA,NO DATA,NO DATA,NO DATA,NO DATA,NO DATA,NO DATA,NO DATA,NO DATA,NO DATA,NO DATA,NO DATA,NO DATA,NO DATA,NO DATA,42,45,43
,24-Aug-2019 14:00:00,T5.HIKA.PFE 1,G4,1000.0,1000.0,1000.0,5087,5088,5087,1000.0,1000.0,1000.0,0.0,1.0,0.0,11,13,11,992.0,993.0,992.0,0.0,0.0,0.0,NO DATA,NO DATA,NO DATA
,24-Aug-2019 14:00:00,T5.HIKA.PFE 1.Converter1,G4,1000.0,1000.0,1000.0,1000,1002,1001,NO DATA,NO DATA,NO DATA,NO DATA,NO DATA,NO DATA,NO DATA,NO DATA,NO DATA,NO DATA,NO DATA,NO DATA,NO DATA,NO DATA,NO DATA,42,45,43
,24-Aug-2019 14:00:00,T5.HIKA.PFE 1.Converter2,G4,999.0,1000.0,999.0,1089,1091,1090,NO DATA,NO DATA,NO DATA,NO DATA,NO DATA,NO DATA,NO DATA,NO DATA,NO DATA,NO DATA,NO DATA,NO DATA,NO DATA,NO DATA,NO DATA,44,45,44
,24-Aug-2019 14:00:00,T5.HIKA.PFE 1.Converter3,G4,1000.0,1000.0,1000.0,1067,1069,1067,NO DATA,NO DATA,NO DATA,NO DATA,NO DATA,NO DATA,NO DATA,NO DATA,NO DATA,NO DATA,NO DATA,NO DATA,NO DATA,NO DATA,NO DATA,43,44,43
,24-Aug-2019 14:00:00,T5.HIKA.PFE 1.Converter4,G4,999.0,1000.0,999.0,1002,1005,1002,NO DATA,NO DATA,NO DATA,NO DATA,NO DATA,NO DATA,NO DATA,NO DATA,NO DATA,NO DATA,NO DATA,NO DATA,NO DATA,NO DATA,NO DATA,43,44,43
,24-Aug-2019 14:00:00,T5.HIKA.PFE 1.Converter5,G4,999.0,1000.0,999.0,1001,1002,1001,NO DATA,NO DATA,NO DATA,NO DATA,NO DATA,NO DATA,NO DATA,NO DATA,NO DATA,NO DATA,NO DATA,NO DATA,NO DATA,NO DATA,NO DATA,44,45,44
,24-Aug-2019 14:15:00,B1.ASGO.PFE 1,G3,999.0,1001.0,999.0,483,485,483,996.0,1002.0,999.0,NO DATA,NO DATA,1.0,NO DATA,NO DATA,12,NO DATA,NO DATA,NO DATA,NO DATA,NO DATA,NO DATA,NO DATA,NO DATA,NO DATA
,24-Aug-2019 14:15:00,B1.ASGO.PFE 1.Converter1,G3,999.0,1000.0,999.0,270,271,270,NO DATA,NO DATA,NO DATA,NO DATA,NO DATA,NO DATA,NO DATA,NO DATA,NO DATA,NO DATA,NO DATA,NO DATA,NO DATA,NO DATA,NO DATA,29,30,29
,24-Aug-2019 14:15:00,B1.ASGO.PFE 1.Converter2,G3,999.0,1001.0,1000.0,265,266,265,NO DATA,NO DATA,NO DATA,NO DATA,NO DATA,NO DATA,NO DATA,NO DATA,NO DATA,NO DATA,NO DATA,NO DATA,NO DATA,NO DATA,NO DATA,37,39,38
,24-Aug-2019 14:15:00,T2.NZMA.PFE 1,G4,1000.0,1001.0,1000.0,5117,5118,5117,1000.0,1001.0,1000.0,0.0,1.0,0.0,12,13,12,990.0,992.0,991.0,0.0,0.0,0.0,NO DATA,NO DATA,NO DATA
,24-Aug-2019 14:15:00,T2.NZMA.PFE 1.Converter1,G4,999.0,1000.0,999.0,1041,1045,1042,NO DATA,NO DATA,NO DATA,NO DATA,NO DATA,NO DATA,NO DATA,NO DATA,NO DATA,NO DATA,NO DATA,NO DATA,NO DATA,NO DATA,NO DATA,42,45,43
,24-Aug-2019 14:15:00,T2.NZMA.PFE 1.Converter2,G4,999.0,1000.0,999.0,1052,1054,1052,NO DATA,NO DATA,NO DATA,NO DATA,NO DATA,NO DATA,NO DATA,NO DATA,NO DATA,NO DATA,NO DATA,NO DATA,NO DATA,NO DATA,NO DATA,42,45,43
,24-Aug-2019 14:15:00,T2.NZMA.PFE 1.Converter3,G4,1000.0,1001.0,1000.0,1024,1028,1026,NO DATA,NO DATA,NO DATA,NO DATA,NO DATA,NO DATA,NO DATA,NO DATA,NO DATA,NO DATA,NO DATA,NO DATA,NO DATA,NO DATA,NO DATA,42,45,43
,24-Aug-2019 14:15:00,T2.NZMA.PFE 1.Converter4,G4,1000.0,1001.0,1000.0,999,1000,999,NO DATA,NO DATA,NO DATA,NO DATA,NO DATA,NO DATA,NO DATA,NO DATA,NO DATA,NO DATA,NO DATA,NO DATA,NO DATA,NO DATA,NO DATA,42,44,43
,24-Aug-2019 14:15:00,T2.NZMA.PFE 1.Converter5,G4,999.0,1000.0,999.0,1070,1073,1071,NO DATA,NO DATA,NO DATA,NO DATA,NO DATA,NO DATA,NO DATA,NO DATA,NO DATA,NO DATA,NO DATA,NO DATA,NO DATA,NO DATA,NO DATA,42,44,43
,24-Aug-2019 14:15:00,T3.AUSY.PFE 1,G3,998.0,1002.0,999.0,2502,2505,2503,979.0,1019.0,998.0,NO DATA,NO DATA,1.0,NO DATA,NO DATA,13,NO DATA,NO DATA,NO DATA,NO DATA,NO DATA,NO DATA,NO DATA,NO DATA,NO DATA
,24-Aug-2019 14:15:00,T3.AUSY.PFE 1.Converter1,G3,997.0,1002.0,999.0,1259,1261,1259,NO DATA,NO DATA,NO DATA,NO DATA,NO DATA,NO DATA,NO DATA,NO DATA,NO DATA,NO DATA,NO DATA,NO DATA,NO DATA,NO DATA,NO DATA,39,42,40
,24-Aug-2019 14:15:00,T3.AUSY.PFE 1.Converter2,G3,998.0,1001.0,999.0,1294,1296,1294,NO DATA,NO DATA,NO DATA,NO DATA,NO DATA,NO DATA,NO DATA,NO DATA,NO DATA,NO DATA,NO DATA,NO DATA,NO DATA,NO DATA,NO DATA,37,38,37
,24-Aug-2019 14:15:00,T4.USPA.PFE 1,G4,998.0,1000.0,998.0,5263,5264,5263,998.0,1000.0,998.0,1.0,2.0,1.0,73,96,84,956.0,957.0,956.0,0.0,0.0,0.0,NO DATA,NO DATA,NO DATA
,24-Aug-2019 14:15:00,T4.USPA.PFE 1.Converter1,G4,997.0,999.0,998.0,1771,1774,1772,NO DATA,NO DATA,NO DATA,NO DATA,NO DATA,NO DATA,NO DATA,NO DATA,NO DATA,NO DATA,NO DATA,NO DATA,NO DATA,NO DATA,NO DATA,42,45,43
,24-Aug-2019 14:15:00,T4.USPA.PFE 1.Converter2,G4,997.0,999.0,998.0,1738,1741,1739,NO DATA,NO DATA,NO DATA,NO DATA,NO DATA,NO DATA,NO DATA,NO DATA,NO DATA,NO DATA,NO DATA,NO DATA,NO DATA,NO DATA,NO DATA,42,45,43
,24-Aug-2019 14:15:00,T4.USPA.PFE 1.Converter3,G4,996.0,999.0,997.0,1805,1808,1806,NO DATA,NO DATA,NO DATA,NO DATA,NO DATA,NO DATA,NO DATA,NO DATA,NO DATA,NO DATA,NO DATA,NO DATA,NO DATA,NO DATA,NO DATA,42,45,43
,24-Aug-2019 14:15:00,T5.HIKA.PFE 1,G4,1000.0,1000.0,1000.0,5087,5088,5087,1000.0,1000.0,1000.0,0.0,1.0,0.0,11,13,11,992.0,993.0,992.0,0.0,0.0,0.0,NO DATA,NO DATA,NO DATA
,24-Aug-2019 14:15:00,T5.HIKA.PFE 1.Converter1,G4,1000.0,1000.0,1000.0,1001,1002,1001,NO DATA,NO DATA,NO DATA,NO DATA,NO DATA,NO DATA,NO DATA,NO DATA,NO DATA,NO DATA,NO DATA,NO DATA,NO DATA,NO DATA,NO DATA,42,44,43
,24-Aug-2019 14:15:00,T5.HIKA.PFE 1.Converter2,G4,999.0,1000.0,999.0,1089,1091,1090,NO DATA,NO DATA,NO DATA,NO DATA,NO DATA,NO DATA,NO DATA,NO DATA,NO DATA,NO DATA,NO DATA,NO DATA,NO DATA,NO DATA,NO DATA,44,45,44
,24-Aug-2019 14:15:00,T5.HIKA.PFE 1.Converter3,G4,1000.0,1000.0,1000.0,1067,1069,1067,NO DATA,NO DATA,NO DATA,NO DATA,NO DATA,NO DATA,NO DATA,NO DATA,NO DATA,NO DATA,NO DATA,NO DATA,NO DATA,NO DATA,NO DATA,43,45,43
,24-Aug-2019 14:15:00,T5.HIKA.PFE 1.Converter4,G4,999.0,1000.0,999.0,1002,1004,1002,NO DATA,NO DATA,NO DATA,NO DATA,NO DATA,NO DATA,NO DATA,NO DATA,NO DATA,NO DATA,NO DATA,NO DATA,NO DATA,NO DATA,NO DATA,43,45,43
,24-Aug-2019 14:15:00,T5.HIKA.PFE 1.Converter5,G4,999.0,1000.0,999.0,1001,1002,1001,NO DATA,NO DATA,NO DATA,NO DATA,NO DATA,NO DATA,NO DATA,NO DATA,NO DATA,NO DATA,NO DATA,NO DATA,NO DATA,NO DATA,NO DATA,44,45,44
,24-Aug-2019 14:30:00,B1.ASGO.PFE 1,G3,999.0,1001.0,999.0,483,485,483,996.0,1002.0,999.0,NO DATA,NO DATA,1.0,NO DATA,NO DATA,12,NO DATA,NO DATA,NO DATA,NO DATA,NO DATA,NO DATA,NO DATA,NO DATA,NO DATA
,24-Aug-2019 14:30:00,B1.ASGO.PFE 1.Converter1,G3,999.0,1000.0,999.0,270,271,270,NO DATA,NO DATA,NO DATA,NO DATA,NO DATA,NO DATA,NO DATA,NO DATA,NO DATA,NO DATA,NO DATA,NO DATA,NO DATA,NO DATA,NO DATA,29,30,29
,24-Aug-2019 14:30:00,B1.ASGO.PFE 1.Converter2,G3,999.0,1001.0,1000.0,265,267,265,NO DATA,NO DATA,NO DATA,NO DATA,NO DATA,NO DATA,NO DATA,NO DATA,NO DATA,NO DATA,NO DATA,NO DATA,NO DATA,NO DATA,NO DATA,37,39,38
,24-Aug-2019 14:30:00,T2.NZMA.PFE 1,G4,1000.0,1001.0,1000.0,5116,5117,5116,1000.0,1001.0,1000.0,0.0,1.0,0.0,12,13,12,990.0,992.0,991.0,0.0,0.0,0.0,NO DATA,NO DATA,NO DATA
,24-Aug-2019 14:30:00,T2.NZMA.PFE 1.Converter1,G4,999.0,1000.0,999.0,1041,1045,1042,NO DATA,NO DATA,NO DATA,NO DATA,NO DATA,NO DATA,NO DATA,NO DATA,NO DATA,NO DATA,NO DATA,NO DATA,NO DATA,NO DATA,NO DATA,42,44,43
,24-Aug-2019 14:30:00,T2.NZMA.PFE 1.Converter2,G4,999.0,1000.0,999.0,1052,1053,1052,NO DATA,NO DATA,NO DATA,NO DATA,NO DATA,NO DATA,NO DATA,NO DATA,NO DATA,NO DATA,NO DATA,NO DATA,NO DATA,NO DATA,NO DATA,42,44,43
,24-Aug-2019 14:30:00,T2.NZMA.PFE 1.Converter3,G4,1000.0,1001.0,1000.0,1023,1027,1025,NO DATA,NO DATA,NO DATA,NO DATA,NO DATA,NO DATA,NO DATA,NO DATA,NO DATA,NO DATA,NO DATA,NO DATA,NO DATA,NO DATA,NO DATA,42,44,43
,24-Aug-2019 14:30:00,T2.NZMA.PFE 1.Converter4,G4,1000.0,1001.0,1000.0,999,1000,999,NO DATA,NO DATA,NO DATA,NO DATA,NO DATA,NO DATA,NO DATA,NO DATA,NO DATA,NO DATA,NO DATA,NO DATA,NO DATA,NO DATA,NO DATA,42,45,43
,24-Aug-2019 14:30:00,T2.NZMA.PFE 1.Converter5,G4,999.0,1000.0,999.0,1071,1074,1071,NO DATA,NO DATA,NO DATA,NO DATA,NO DATA,NO DATA,NO DATA,NO DATA,NO DATA,NO DATA,NO DATA,NO DATA,NO DATA,NO DATA,NO DATA,42,44,43
,24-Aug-2019 14:30:00,T3.AUSY.PFE 1,G3,999.0,1001.0,1000.0,2503,2504,2503,993.0,1005.0,998.0,NO DATA,NO DATA,1.0,NO DATA,NO DATA,13,NO DATA,NO DATA,NO DATA,NO DATA,NO DATA,NO DATA,NO DATA,NO DATA,NO DATA
,24-Aug-2019 14:30:00,T3.AUSY.PFE 1.Converter1,G3,999.0,1000.0,999.0,1259,1261,1259,NO DATA,NO DATA,NO DATA,NO DATA,NO DATA,NO DATA,NO DATA,NO DATA,NO DATA,NO DATA,NO DATA,NO DATA,NO DATA,NO DATA,NO DATA,39,42,40
,24-Aug-2019 14:30:00,T3.AUSY.PFE 1.Converter2,G3,999.0,1000.0,999.0,1294,1296,1294,NO DATA,NO DATA,NO DATA,NO DATA,NO DATA,NO DATA,NO DATA,NO DATA,NO DATA,NO DATA,NO DATA,NO DATA,NO DATA,NO DATA,NO DATA,37,38,37
,24-Aug-2019 14:30:00,T4.USPA.PFE 1,G4,998.0,1000.0,998.0,5263,5264,5263,998.0,1000.0,998.0,1.0,2.0,1.0,73,95,84,956.0,957.0,956.0,0.0,0.0,0.0,NO DATA,NO DATA,NO DATA
,24-Aug-2019 14:30:00,T4.USPA.PFE 1.Converter1,G4,998.0,999.0,998.0,1772,1774,1772,NO DATA,NO DATA,NO DATA,NO DATA,NO DATA,NO DATA,NO DATA,NO DATA,NO DATA,NO DATA,NO DATA,NO DATA,NO DATA,NO DATA,NO DATA,42,44,43
,24-Aug-2019 14:30:00,T4.USPA.PFE 1.Converter2,G4,997.0,999.0,998.0,1738,1741,1739,NO DATA,NO DATA,NO DATA,NO DATA,NO DATA,NO DATA,NO DATA,NO DATA,NO DATA,NO DATA,NO DATA,NO DATA,NO DATA,NO DATA,NO DATA,42,44,42
,24-Aug-2019 14:30:00,T4.USPA.PFE 1.Converter3,G4,997.0,998.0,997.0,1805,1808,1806,NO DATA,NO DATA,NO DATA,NO DATA,NO DATA,NO DATA,NO DATA,NO DATA,NO DATA,NO DATA,NO DATA,NO DATA,NO DATA,NO DATA,NO DATA,42,45,43
,24-Aug-2019 14:30:00,T5.HIKA.PFE 1,G4,1000.0,1000.0,1000.0,5087,5089,5088,1000.0,1000.0,1000.0,0.0,1.0,0.0,11,13,11,992.0,993.0,992.0,0.0,0.0,0.0,NO DATA,NO DATA,NO DATA
,24-Aug-2019 14:30:00,T5.HIKA.PFE 1.Converter1,G4,1000.0,1000.0,1000.0,1001,1002,1001,NO DATA,NO DATA,NO DATA,NO DATA,NO DATA,NO DATA,NO DATA,NO DATA,NO DATA,NO DATA,NO DATA,NO DATA,NO DATA,NO DATA,NO DATA,42,45,43
,24-Aug-2019 14:30:00,T5.HIKA.PFE 1.Converter2,G4,999.0,1000.0,999.0,1090,1091,1090,NO DATA,NO DATA,NO DATA,NO DATA,NO DATA,NO DATA,NO DATA,NO DATA,NO DATA,NO DATA,NO DATA,NO DATA,NO DATA,NO DATA,NO DATA,44,46,45
,24-Aug-2019 14:30:00,T5.HIKA.PFE 1.Converter3,G4,1000.0,1000.0,1000.0,1067,1069,1067,NO DATA,NO DATA,NO DATA,NO DATA,NO DATA,NO DATA,NO DATA,NO DATA,NO DATA,NO DATA,NO DATA,NO DATA,NO DATA,NO DATA,NO DATA,43,45,44
,24-Aug-2019 14:30:00,T5.HIKA.PFE 1.Converter4,G4,999.0,1000.0,999.0,1002,1005,1003,NO DATA,NO DATA,NO DATA,NO DATA,NO DATA,NO DATA,NO DATA,NO DATA,NO DATA,NO DATA,NO DATA,NO DATA,NO DATA,NO DATA,NO DATA,44,45,44
,24-Aug-2019 14:30:00,T5.HIKA.PFE 1.Converter5,G4,999.0,1000.0,999.0,1001,1002,1001,NO DATA,NO DATA,NO DATA,NO DATA,NO DATA,NO DATA,NO DATA,NO DATA,NO DATA,NO DATA,NO DATA,NO DATA,NO DATA,NO DATA,NO DATA,44,45,44
,24-Aug-2019 14:45:00,B1.ASGO.PFE 1,G3,999.0,1001.0,999.0,483,485,483,996.0,1002.0,999.0,NO DATA,NO DATA,1.0,NO DATA,NO DATA,12,NO DATA,NO DATA,NO DATA,NO DATA,NO DATA,NO DATA,NO DATA,NO DATA,NO DATA
,24-Aug-2019 14:45:00,B1.ASGO.PFE 1.Converter1,G3,999.0,1000.0,999.0,270,271,270,NO DATA,NO DATA,NO DATA,NO DATA,NO DATA,NO DATA,NO DATA,NO DATA,NO DATA,NO DATA,NO DATA,NO DATA,NO DATA,NO DATA,NO DATA,29,30,29
,24-Aug-2019 14:45:00,B1.ASGO.PFE 1.Converter2,G3,999.0,1001.0,1000.0,265,267,266,NO DATA,NO DATA,NO DATA,NO DATA,NO DATA,NO DATA,NO DATA,NO DATA,NO DATA,NO DATA,NO DATA,NO DATA,NO DATA,NO DATA,NO DATA,37,39,38
,24-Aug-2019 14:45:00,T2.NZMA.PFE 1,G4,1000.0,1001.0,1000.0,5116,5116,5116,1000.0,1001.0,1000.0,0.0,1.0,0.0,12,13,12,990.0,992.0,991.0,0.0,0.0,0.0,NO DATA,NO DATA,NO DATA
,24-Aug-2019 14:45:00,T2.NZMA.PFE 1.Converter1,G4,999.0,1000.0,999.0,1041,1045,1041,NO DATA,NO DATA,NO DATA,NO DATA,NO DATA,NO DATA,NO DATA,NO DATA,NO DATA,NO DATA,NO DATA,NO DATA,NO DATA,NO DATA,NO DATA,42,45,43
,24-Aug-2019 14:45:00,T2.NZMA.PFE 1.Converter2,G4,999.0,1000.0,999.0,1052,1053,1052,NO DATA,NO DATA,NO DATA,NO DATA,NO DATA,NO DATA,NO DATA,NO DATA,NO DATA,NO DATA,NO DATA,NO DATA,NO DATA,NO DATA,NO DATA,42,44,43
,24-Aug-2019 14:45:00,T2.NZMA.PFE 1.Converter3,G4,1000.0,1001.0,1000.0,1024,1027,1026,NO DATA,NO DATA,NO DATA,NO DATA,NO DATA,NO DATA,NO DATA,NO DATA,NO DATA,NO DATA,NO DATA,NO DATA,NO DATA,NO DATA,NO DATA,42,45,43
,24-Aug-2019 14:45:00,T2.NZMA.PFE 1.Converter4,G4,1000.0,1001.0,1000.0,999,1000,999,NO DATA,NO DATA,NO DATA,NO DATA,NO DATA,NO DATA,NO DATA,NO DATA,NO DATA,NO DATA,NO DATA,NO DATA,NO DATA,NO DATA,NO DATA,42,44,43
,24-Aug-2019 14:45:00,T2.NZMA.PFE 1.Converter5,G4,999.0,1000.0,999.0,1070,1074,1071,NO DATA,NO DATA,NO DATA,NO DATA,NO DATA,NO DATA,NO DATA,NO DATA,NO DATA,NO DATA,NO DATA,NO DATA,NO DATA,NO DATA,NO DATA,42,44,43
,24-Aug-2019 14:45:00,T3.AUSY.PFE 1,G3,999.0,1001.0,999.0,2503,2505,2503,994.0,1003.0,998.0,NO DATA,NO DATA,1.0,NO DATA,NO DATA,13,NO DATA,NO DATA,NO DATA,NO DATA,NO DATA,NO DATA,NO DATA,NO DATA,NO DATA
,24-Aug-2019 14:45:00,T3.AUSY.PFE 1.Converter1,G3,999.0,1001.0,999.0,1259,1261,1259,NO DATA,NO DATA,NO DATA,NO DATA,NO DATA,NO DATA,NO DATA,NO DATA,NO DATA,NO DATA,NO DATA,NO DATA,NO DATA,NO DATA,NO DATA,39,42,40
,24-Aug-2019 14:45:00,T3.AUSY.PFE 1.Converter2,G3,999.0,1000.0,999.0,1294,1295,1294,NO DATA,NO DATA,NO DATA,NO DATA,NO DATA,NO DATA,NO DATA,NO DATA,NO DATA,NO DATA,NO DATA,NO DATA,NO DATA,NO DATA,NO DATA,37,38,37
,24-Aug-2019 14:45:00,T4.USPA.PFE 1,G4,998.0,1000.0,998.0,5263,5264,5263,998.0,1000.0,998.0,1.0,2.0,1.0,73,96,84,956.0,957.0,956.0,0.0,0.0,0.0,NO DATA,NO DATA,NO DATA
,24-Aug-2019 14:45:00,T4.USPA.PFE 1.Converter1,G4,997.0,999.0,998.0,1771,1774,1772,NO DATA,NO DATA,NO DATA,NO DATA,NO DATA,NO DATA,NO DATA,NO DATA,NO DATA,NO DATA,NO DATA,NO DATA,NO DATA,NO DATA,NO DATA,42,45,43
,24-Aug-2019 14:45:00,T4.USPA.PFE 1.Converter2,G4,997.0,999.0,998.0,1738,1741,1739,NO DATA,NO DATA,NO DATA,NO DATA,NO DATA,NO DATA,NO DATA,NO DATA,NO DATA,NO DATA,NO DATA,NO DATA,NO DATA,NO DATA,NO DATA,42,44,43
,24-Aug-2019 14:45:00,T4.USPA.PFE 1.Converter3,G4,997.0,999.0,997.0,1806,1808,1806,NO DATA,NO DATA,NO DATA,NO DATA,NO DATA,NO DATA,NO DATA,NO DATA,NO DATA,NO DATA,NO DATA,NO DATA,NO DATA,NO DATA,NO DATA,42,45,43
,24-Aug-2019 14:45:00,T5.HIKA.PFE 1,G4,1000.0,1000.0,1000.0,5088,5089,5088,1000.0,1000.0,1000.0,0.0,1.0,0.0,11,13,11,992.0,993.0,992.0,0.0,0.0,0.0,NO DATA,NO DATA,NO DATA
,24-Aug-2019 14:45:00,T5.HIKA.PFE 1.Converter1,G4,1000.0,1000.0,1000.0,1000,1002,1001,NO DATA,NO DATA,NO DATA,NO DATA,NO DATA,NO DATA,NO DATA,NO DATA,NO DATA,NO DATA,NO DATA,NO DATA,NO DATA,NO DATA,NO DATA,42,45,43
,24-Aug-2019 14:45:00,T5.HIKA.PFE 1.Converter2,G4,999.0,1000.0,999.0,1090,1091,1090,NO DATA,NO DATA,NO DATA,NO DATA,NO DATA,NO DATA,NO DATA,NO DATA,NO DATA,NO DATA,NO DATA,NO DATA,NO DATA,NO DATA,NO DATA,45,46,45
,24-Aug-2019 14:45:00,T5.HIKA.PFE 1.Converter3,G4,1000.0,1000.0,1000.0,1067,1068,1067,NO DATA,NO DATA,NO DATA,NO DATA,NO DATA,NO DATA,NO DATA,NO DATA,NO DATA,NO DATA,NO DATA,NO DATA,NO DATA,NO DATA,NO DATA,44,45,44
,24-Aug-2019 14:45:00,T5.HIKA.PFE 1.Converter4,G4,999.0,1000.0,999.0,1003,1006,1004,NO DATA,NO DATA,NO DATA,NO DATA,NO DATA,NO DATA,NO DATA,NO DATA,NO DATA,NO DATA,NO DATA,NO DATA,NO DATA,NO DATA,NO DATA,44,45,44
,24-Aug-2019 14:45:00,T5.HIKA.PFE 1.Converter5,G4,999.0,1000.0,999.0,1001,1002,1001,NO DATA,NO DATA,NO DATA,NO DATA,NO DATA,NO DATA,NO DATA,NO DATA,NO DATA,NO DATA,NO DATA,NO DATA,NO DATA,NO DATA,NO DATA,44,46,45
,24-Aug-2019 15:00:00,B1.ASGO.PFE 1,G3,999.0,1001.0,999.0,483,485,484,996.0,1002.0,999.0,NO DATA,NO DATA,1.0,NO DATA,NO DATA,12,NO DATA,NO DATA,NO DATA,NO DATA,NO DATA,NO DATA,NO DATA,NO DATA,NO DATA
,24-Aug-2019 15:00:00,B1.ASGO.PFE 1.Converter1,G3,999.0,1000.0,999.0,270,271,270,NO DATA,NO DATA,NO DATA,NO DATA,NO DATA,NO DATA,NO DATA,NO DATA,NO DATA,NO DATA,NO DATA,NO DATA,NO DATA,NO DATA,NO DATA,29,30,29
,24-Aug-2019 15:00:00,B1.ASGO.PFE 1.Converter2,G3,999.0,1001.0,1000.0,265,267,266,NO DATA,NO DATA,NO DATA,NO DATA,NO DATA,NO DATA,NO DATA,NO DATA,NO DATA,NO DATA,NO DATA,NO DATA,NO DATA,NO DATA,NO DATA,37,39,38
,24-Aug-2019 15:00:00,T2.NZMA.PFE 1,G4,1000.0,1001.0,1000.0,5116,5117,5116,1000.0,1001.0,1000.0,0.0,1.0,0.0,12,13,12,990.0,992.0,991.0,0.0,0.0,0.0,NO DATA,NO DATA,NO DATA
,24-Aug-2019 15:00:00,T2.NZMA.PFE 1.Converter1,G4,999.0,1000.0,999.0,1041,1045,1042,NO DATA,NO DATA,NO DATA,NO DATA,NO DATA,NO DATA,NO DATA,NO DATA,NO DATA,NO DATA,NO DATA,NO DATA,NO DATA,NO DATA,NO DATA,42,45,43
,24-Aug-2019 15:00:00,T2.NZMA.PFE 1.Converter2,G4,999.0,1000.0,999.0,1052,1053,1052,NO DATA,NO DATA,NO DATA,NO DATA,NO DATA,NO DATA,NO DATA,NO DATA,NO DATA,NO DATA,NO DATA,NO DATA,NO DATA,NO DATA,NO DATA,42,44,43
,24-Aug-2019 15:00:00,T2.NZMA.PFE 1.Converter3,G4,1000.0,1001.0,1000.0,1024,1027,1026,NO DATA,NO DATA,NO DATA,NO DATA,NO DATA,NO DATA,NO DATA,NO DATA,NO DATA,NO DATA,NO DATA,NO DATA,NO DATA,NO DATA,NO DATA,42,45,43
,24-Aug-2019 15:00:00,T2.NZMA.PFE 1.Converter4,G4,1000.0,1001.0,1000.0,999,1000,999,NO DATA,NO DATA,NO DATA,NO DATA,NO DATA,NO DATA,NO DATA,NO DATA,NO DATA,NO DATA,NO DATA,NO DATA,NO DATA,NO DATA,NO DATA,42,44,43
,24-Aug-2019 15:00:00,T2.NZMA.PFE 1.Converter5,G4,999.0,1000.0,999.0,1070,1073,1071,NO DATA,NO DATA,NO DATA,NO DATA,NO DATA,NO DATA,NO DATA,NO DATA,NO DATA,NO DATA,NO DATA,NO DATA,NO DATA,NO DATA,NO DATA,42,44,43
,24-Aug-2019 15:00:00,T3.AUSY.PFE 1,G3,998.0,1002.0,999.0,2503,2505,2504,983.0,1013.0,998.0,NO DATA,NO DATA,1.0,NO DATA,NO DATA,13,NO DATA,NO DATA,NO DATA,NO DATA,NO DATA,NO DATA,NO DATA,NO DATA,NO DATA
,24-Aug-2019 15:00:00,T3.AUSY.PFE 1.Converter1,G3,998.0,1001.0,999.0,1259,1261,1259,NO DATA,NO DATA,NO DATA,NO DATA,NO DATA,NO DATA,NO DATA,NO DATA,NO DATA,NO DATA,NO DATA,NO DATA,NO DATA,NO DATA,NO DATA,39,42,40
,24-Aug-2019 15:00:00,T3.AUSY.PFE 1.Converter2,G3,998.0,1002.0,999.0,1294,1296,1295,NO DATA,NO DATA,NO DATA,NO DATA,NO DATA,NO DATA,NO DATA,NO DATA,NO DATA,NO DATA,NO DATA,NO DATA,NO DATA,NO DATA,NO DATA,37,38,37
,24-Aug-2019 15:00:00,T4.USPA.PFE 1,G4,998.0,1000.0,998.0,5263,5265,5263,998.0,1000.0,998.0,1.0,2.0,1.0,73,96,84,956.0,957.0,956.0,0.0,0.0,0.0,NO DATA,NO DATA,NO DATA
,24-Aug-2019 15:00:00,T4.USPA.PFE 1.Converter1,G4,997.0,999.0,998.0,1771,1774,1772,NO DATA,NO DATA,NO DATA,NO DATA,NO DATA,NO DATA,NO DATA,NO DATA,NO DATA,NO DATA,NO DATA,NO DATA,NO DATA,NO DATA,NO DATA,42,45,43
,24-Aug-2019 15:00:00,T4.USPA.PFE 1.Converter2,G4,997.0,999.0,998.0,1738,1742,1739,NO DATA,NO DATA,NO DATA,NO DATA,NO DATA,NO DATA,NO DATA,NO DATA,NO DATA,NO DATA,NO DATA,NO DATA,NO DATA,NO DATA,NO DATA,42,44,43
,24-Aug-2019 15:00:00,T4.USPA.PFE 1.Converter3,G4,997.0,998.0,997.0,1806,1808,1806,NO DATA,NO DATA,NO DATA,NO DATA,NO DATA,NO DATA,NO DATA,NO DATA,NO DATA,NO DATA,NO DATA,NO DATA,NO DATA,NO DATA,NO DATA,42,45,43
,24-Aug-2019 15:00:00,T5.HIKA.PFE 1,G4,1000.0,1000.0,1000.0,5088,5089,5088,1000.0,1000.0,1000.0,0.0,1.0,0.0,11,13,11,992.0,993.0,992.0,0.0,0.0,0.0,NO DATA,NO DATA,NO DATA
,24-Aug-2019 15:00:00,T5.HIKA.PFE 1.Converter1,G4,1000.0,1000.0,1000.0,1000,1002,1001,NO DATA,NO DATA,NO DATA,NO DATA,NO DATA,NO DATA,NO DATA,NO DATA,NO DATA,NO DATA,NO DATA,NO DATA,NO DATA,NO DATA,NO DATA,42,45,43
,24-Aug-2019 15:00:00,T5.HIKA.PFE 1.Converter2,G4,999.0,1000.0,999.0,1089,1091,1090,NO DATA,NO DATA,NO DATA,NO DATA,NO DATA,NO DATA,NO DATA,NO DATA,NO DATA,NO DATA,NO DATA,NO DATA,NO DATA,NO DATA,NO DATA,45,46,45
,24-Aug-2019 15:00:00,T5.HIKA.PFE 1.Converter3,G4,1000.0,1000.0,1000.0,1067,1068,1067,NO DATA,NO DATA,NO DATA,NO DATA,NO DATA,NO DATA,NO DATA,NO DATA,NO DATA,NO DATA,NO DATA,NO DATA,NO DATA,NO DATA,NO DATA,44,45,44
,24-Aug-2019 15:00:00,T5.HIKA.PFE 1.Converter4,G4,999.0,1000.0,999.0,1003,1006,1004,NO DATA,NO DATA,NO DATA,NO DATA,NO DATA,NO DATA,NO DATA,NO DATA,NO DATA,NO DATA,NO DATA,NO DATA,NO DATA,NO DATA,NO DATA,44,45,44
,24-Aug-2019 15:00:00,T5.HIKA.PFE 1.Converter5,G4,999.0,1000.0,999.0,1001,1002,1001,NO DATA,NO DATA,NO DATA,NO DATA,NO DATA,NO DATA,NO DATA,NO DATA,NO DATA,NO DATA,NO DATA,NO DATA,NO DATA,NO DATA,NO DATA,45,46,45
,24-Aug-2019 15:15:00,B1.ASGO.PFE 1,G3,999.0,1001.0,999.0,483,485,484,996.0,1002.0,999.0,NO DATA,NO DATA,1.0,NO DATA,NO DATA,12,NO DATA,NO DATA,NO DATA,NO DATA,NO DATA,NO DATA,NO DATA,NO DATA,NO DATA
,24-Aug-2019 15:15:00,B1.ASGO.PFE 1.Converter1,G3,999.0,1000.0,999.0,270,271,270,NO DATA,NO DATA,NO DATA,NO DATA,NO DATA,NO DATA,NO DATA,NO DATA,NO DATA,NO DATA,NO DATA,NO DATA,NO DATA,NO DATA,NO DATA,29,30,29
,24-Aug-2019 15:15:00,B1.ASGO.PFE 1.Converter2,G3,999.0,1001.0,1000.0,265,267,266,NO DATA,NO DATA,NO DATA,NO DATA,NO DATA,NO DATA,NO DATA,NO DATA,NO DATA,NO DATA,NO DATA,NO DATA,NO DATA,NO DATA,NO DATA,37,40,38
,24-Aug-2019 15:15:00,T2.NZMA.PFE 1,G4,1000.0,1001.0,1000.0,5116,5116,5116,1000.0,1001.0,1000.0,0.0,1.0,0.0,12,13,12,990.0,992.0,991.0,0.0,0.0,0.0,NO DATA,NO DATA,NO DATA
,24-Aug-2019 15:15:00,T2.NZMA.PFE 1.Converter1,G4,999.0,1000.0,999.0,1041,1045,1041,NO DATA,NO DATA,NO DATA,NO DATA,NO DATA,NO DATA,NO DATA,NO DATA,NO DATA,NO DATA,NO DATA,NO DATA,NO DATA,NO DATA,NO DATA,42,45,43
,24-Aug-2019 15:15:00,T2.NZMA.PFE 1.Converter2,G4,999.0,1000.0,999.0,1052,1053,1052,NO DATA,NO DATA,NO DATA,NO DATA,NO DATA,NO DATA,NO DATA,NO DATA,NO DATA,NO DATA,NO DATA,NO DATA,NO DATA,NO DATA,NO DATA,42,44,43
,24-Aug-2019 15:15:00,T2.NZMA.PFE 1.Converter3,G4,1000.0,1000.0,1000.0,1024,1028,1026,NO DATA,NO DATA,NO DATA,NO DATA,NO DATA,NO DATA,NO DATA,NO DATA,NO DATA,NO DATA,NO DATA,NO DATA,NO DATA,NO DATA,NO DATA,42,45,43
,24-Aug-2019 15:15:00,T2.NZMA.PFE 1.Converter4,G4,1000.0,1001.0,1000.0,999,1000,999,NO DATA,NO DATA,NO DATA,NO DATA,NO DATA,NO DATA,NO DATA,NO DATA,NO DATA,NO DATA,NO DATA,NO DATA,NO DATA,NO DATA,NO DATA,42,45,43
,24-Aug-2019 15:15:00,T2.NZMA.PFE 1.Converter5,G4,999.0,1000.0,999.0,1070,1072,1071,NO DATA,NO DATA,NO DATA,NO DATA,NO DATA,NO DATA,NO DATA,NO DATA,NO DATA,NO DATA,NO DATA,NO DATA,NO DATA,NO DATA,NO DATA,42,44,43
,24-Aug-2019 15:15:00,T3.AUSY.PFE 1,G3,999.0,1001.0,999.0,2503,2505,2504,995.0,1003.0,998.0,NO DATA,NO DATA,1.0,NO DATA,NO DATA,13,NO DATA,NO DATA,NO DATA,NO DATA,NO DATA,NO DATA,NO DATA,NO DATA,NO DATA
,24-Aug-2019 15:15:00,T3.AUSY.PFE 1.Converter1,G3,999.0,1000.0,999.0,1259,1261,1260,NO DATA,NO DATA,NO DATA,NO DATA,NO DATA,NO DATA,NO DATA,NO DATA,NO DATA,NO DATA,NO DATA,NO DATA,NO DATA,NO DATA,NO DATA,40,42,41
,24-Aug-2019 15:15:00,T3.AUSY.PFE 1.Converter2,G3,999.0,1000.0,999.0,1294,1296,1294,NO DATA,NO DATA,NO DATA,NO DATA,NO DATA,NO DATA,NO DATA,NO DATA,NO DATA,NO DATA,NO DATA,NO DATA,NO DATA,NO DATA,NO DATA,37,38,37
,24-Aug-2019 15:15:00,T4.USPA.PFE 1,G4,998.0,1000.0,998.0,5263,5264,5263,998.0,1000.0,998.0,1.0,2.0,1.0,72,95,84,956.0,958.0,956.0,0.0,0.0,0.0,NO DATA,NO DATA,NO DATA
,24-Aug-2019 15:15:00,T4.USPA.PFE 1.Converter1,G4,997.0,999.0,998.0,1771,1774,1772,NO DATA,NO DATA,NO DATA,NO DATA,NO DATA,NO DATA,NO DATA,NO DATA,NO DATA,NO DATA,NO DATA,NO DATA,NO DATA,NO DATA,NO DATA,42,45,43
,24-Aug-2019 15:15:00,T4.USPA.PFE 1.Converter2,G4,997.0,999.0,998.0,1738,1741,1739,NO DATA,NO DATA,NO DATA,NO DATA,NO DATA,NO DATA,NO DATA,NO DATA,NO DATA,NO DATA,NO DATA,NO DATA,NO DATA,NO DATA,NO DATA,43,44,43
,24-Aug-2019 15:15:00,T4.USPA.PFE 1.Converter3,G4,997.0,998.0,997.0,1805,1808,1806,NO DATA,NO DATA,NO DATA,NO DATA,NO DATA,NO DATA,NO DATA,NO DATA,NO DATA,NO DATA,NO DATA,NO DATA,NO DATA,NO DATA,NO DATA,42,45,43
,24-Aug-2019 15:15:00,T5.HIKA.PFE 1,G4,1000.0,1000.0,1000.0,5089,5089,5089,1000.0,1000.0,1000.0,0.0,1.0,0.0,11,13,11,991.0,993.0,992.0,0.0,0.0,0.0,NO DATA,NO DATA,NO DATA
,24-Aug-2019 15:15:00,T5.HIKA.PFE 1.Converter1,G4,1000.0,1000.0,1000.0,1000,1002,1001,NO DATA,NO DATA,NO DATA,NO DATA,NO DATA,NO DATA,NO DATA,NO DATA,NO DATA,NO DATA,NO DATA,NO DATA,NO DATA,NO DATA,NO DATA,42,45,43
,24-Aug-2019 15:15:00,T5.HIKA.PFE 1.Converter2,G4,999.0,1000.0,999.0,1089,1091,1090,NO DATA,NO DATA,NO DATA,NO DATA,NO DATA,NO DATA,NO DATA,NO DATA,NO DATA,NO DATA,NO DATA,NO DATA,NO DATA,NO DATA,NO DATA,45,46,45
,24-Aug-2019 15:15:00,T5.HIKA.PFE 1.Converter3,G4,1000.0,1000.0,1000.0,1067,1069,1067,NO DATA,NO DATA,NO DATA,NO DATA,NO DATA,NO DATA,NO DATA,NO DATA,NO DATA,NO DATA,NO DATA,NO DATA,NO DATA,NO DATA,NO DATA,44,45,44
,24-Aug-2019 15:15:00,T5.HIKA.PFE 1.Converter4,G4,999.0,1000.0,999.0,1003,1006,1004,NO DATA,NO DATA,NO DATA,NO DATA,NO DATA,NO DATA,NO DATA,NO DATA,NO DATA,NO DATA,NO DATA,NO DATA,NO DATA,NO DATA,NO DATA,44,45,44
,24-Aug-2019 15:15:00,T5.HIKA.PFE 1.Converter5,G4,999.0,1000.0,999.0,1001,1002,1001,NO DATA,NO DATA,NO DATA,NO DATA,NO DATA,NO DATA,NO DATA,NO DATA,NO DATA,NO DATA,NO DATA,NO DATA,NO DATA,NO DATA,NO DATA,45,46,45
,24-Aug-2019 15:30:00,B1.ASGO.PFE 1,G3,999.0,1001.0,999.0,483,485,484,996.0,1002.0,999.0,NO DATA,NO DATA,1.0,NO DATA,NO DATA,12,NO DATA,NO DATA,NO DATA,NO DATA,NO DATA,NO DATA,NO DATA,NO DATA,NO DATA
,24-Aug-2019 15:30:00,B1.ASGO.PFE 1.Converter1,G3,999.0,1000.0,999.0,270,271,270,NO DATA,NO DATA,NO DATA,NO DATA,NO DATA,NO DATA,NO DATA,NO DATA,NO DATA,NO DATA,NO DATA,NO DATA,NO DATA,NO DATA,NO DATA,30,31,30
,24-Aug-2019 15:30:00,B1.ASGO.PFE 1.Converter2,G3,999.0,1001.0,1000.0,266,267,266,NO DATA,NO DATA,NO DATA,NO DATA,NO DATA,NO DATA,NO DATA,NO DATA,NO DATA,NO DATA,NO DATA,NO DATA,NO DATA,NO DATA,NO DATA,37,40,38
,24-Aug-2019 15:30:00,T2.NZMA.PFE 1,G4,1000.0,1001.0,1000.0,5115,5116,5115,1000.0,1001.0,1000.0,0.0,1.0,0.0,12,13,12,990.0,992.0,991.0,0.0,0.0,0.0,NO DATA,NO DATA,NO DATA
,24-Aug-2019 15:30:00,T2.NZMA.PFE 1.Converter1,G4,999.0,1000.0,999.0,1040,1045,1041,NO DATA,NO DATA,NO DATA,NO DATA,NO DATA,NO DATA,NO DATA,NO DATA,NO DATA,NO DATA,NO DATA,NO DATA,NO DATA,NO DATA,NO DATA,42,45,43
,24-Aug-2019 15:30:00,T2.NZMA.PFE 1.Converter2,G4,999.0,1000.0,999.0,1052,1053,1052,NO DATA,NO DATA,NO DATA,NO DATA,NO DATA,NO DATA,NO DATA,NO DATA,NO DATA,NO DATA,NO DATA,NO DATA,NO DATA,NO DATA,NO DATA,42,44,43
,24-Aug-2019 15:30:00,T2.NZMA.PFE 1.Converter3,G4,1000.0,1001.0,1000.0,1023,1027,1026,NO DATA,NO DATA,NO DATA,NO DATA,NO DATA,NO DATA,NO DATA,NO DATA,NO DATA,NO DATA,NO DATA,NO DATA,NO DATA,NO DATA,NO DATA,42,45,43
,24-Aug-2019 15:30:00,T2.NZMA.PFE 1.Converter4,G4,1000.0,1001.0,1000.0,999,1000,999,NO DATA,NO DATA,NO DATA,NO DATA,NO DATA,NO DATA,NO DATA,NO DATA,NO DATA,NO DATA,NO DATA,NO DATA,NO DATA,NO DATA,NO DATA,42,45,43
,24-Aug-2019 15:30:00,T2.NZMA.PFE 1.Converter5,G4,999.0,1000.0,999.0,1070,1073,1071,NO DATA,NO DATA,NO DATA,NO DATA,NO DATA,NO DATA,NO DATA,NO DATA,NO DATA,NO DATA,NO DATA,NO DATA,NO DATA,NO DATA,NO DATA,42,44,43
,24-Aug-2019 15:30:00,T3.AUSY.PFE 1,G3,999.0,1001.0,1000.0,2503,2505,2504,994.0,1004.0,998.0,NO DATA,NO DATA,1.0,NO DATA,NO DATA,13,NO DATA,NO DATA,NO DATA,NO DATA,NO DATA,NO DATA,NO DATA,NO DATA,NO DATA
,24-Aug-2019 15:30:00,T3.AUSY.PFE 1.Converter1,G3,999.0,1000.0,999.0,1259,1261,1259,NO DATA,NO DATA,NO DATA,NO DATA,NO DATA,NO DATA,NO DATA,NO DATA,NO DATA,NO DATA,NO DATA,NO DATA,NO DATA,NO DATA,NO DATA,39,42,40
,24-Aug-2019 15:30:00,T3.AUSY.PFE 1.Converter2,G3,999.0,1000.0,999.0,1295,1296,1295,NO DATA,NO DATA,NO DATA,NO DATA,NO DATA,NO DATA,NO DATA,NO DATA,NO DATA,NO DATA,NO DATA,NO DATA,NO DATA,NO DATA,NO DATA,37,38,37
,24-Aug-2019 15:30:00,T4.USPA.PFE 1,G4,998.0,1000.0,998.0,5263,5264,5263,998.0,1000.0,998.0,1.0,2.0,1.0,71,95,84,956.0,957.0,956.0,0.0,0.0,0.0,NO DATA,NO DATA,NO DATA
,24-Aug-2019 15:30:00,T4.USPA.PFE 1.Converter1,G4,998.0,999.0,998.0,1772,1774,1772,NO DATA,NO DATA,NO DATA,NO DATA,NO DATA,NO DATA,NO DATA,NO DATA,NO DATA,NO DATA,NO DATA,NO DATA,NO DATA,NO DATA,NO DATA,42,45,43
,24-Aug-2019 15:30:00,T4.USPA.PFE 1.Converter2,G4,997.0,999.0,998.0,1738,1741,1739,NO DATA,NO DATA,NO DATA,NO DATA,NO DATA,NO DATA,NO DATA,NO DATA,NO DATA,NO DATA,NO DATA,NO DATA,NO DATA,NO DATA,NO DATA,42,45,43
,24-Aug-2019 15:30:00,T4.USPA.PFE 1.Converter3,G4,997.0,998.0,997.0,1806,1808,1806,NO DATA,NO DATA,NO DATA,NO DATA,NO DATA,NO DATA,NO DATA,NO DATA,NO DATA,NO DATA,NO DATA,NO DATA,NO DATA,NO DATA,NO DATA,42,45,43
,24-Aug-2019 15:30:00,T5.HIKA.PFE 1,G4,1000.0,1000.0,1000.0,5089,5090,5089,1000.0,1000.0,1000.0,0.0,1.0,0.0,11,13,11,992.0,993.0,992.0,0.0,0.0,0.0,NO DATA,NO DATA,NO DATA
,24-Aug-2019 15:30:00,T5.HIKA.PFE 1.Converter1,G4,1000.0,1000.0,1000.0,1000,1002,1001,NO DATA,NO DATA,NO DATA,NO DATA,NO DATA,NO DATA,NO DATA,NO DATA,NO DATA,NO DATA,NO DATA,NO DATA,NO DATA,NO DATA,NO DATA,42,44,43
,24-Aug-2019 15:30:00,T5.HIKA.PFE 1.Converter2,G4,999.0,1000.0,999.0,1089,1091,1090,NO DATA,NO DATA,NO DATA,NO DATA,NO DATA,NO DATA,NO DATA,NO DATA,NO DATA,NO DATA,NO DATA,NO DATA,NO DATA,NO DATA,NO DATA,43,46,45
,24-Aug-2019 15:30:00,T5.HIKA.PFE 1.Converter3,G4,1000.0,1000.0,1000.0,1067,1070,1067,NO DATA,NO DATA,NO DATA,NO DATA,NO DATA,NO DATA,NO DATA,NO DATA,NO DATA,NO DATA,NO DATA,NO DATA,NO DATA,NO DATA,NO DATA,42,45,44
,24-Aug-2019 15:30:00,T5.HIKA.PFE 1.Converter4,G4,999.0,1000.0,999.0,1003,1006,1004,NO DATA,NO DATA,NO DATA,NO DATA,NO DATA,NO DATA,NO DATA,NO DATA,NO DATA,NO DATA,NO DATA,NO DATA,NO DATA,NO DATA,NO DATA,42,45,44
,24-Aug-2019 15:30:00,T5.HIKA.PFE 1.Converter5,G4,999.0,1000.0,999.0,1001,1002,1001,NO DATA,NO DATA,NO DATA,NO DATA,NO DATA,NO DATA,NO DATA,NO DATA,NO DATA,NO DATA,NO DATA,NO DATA,NO DATA,NO DATA,NO DATA,43,46,45
,24-Aug-2019 15:45:00,B1.ASGO.PFE 1,G3,999.0,1001.0,999.0,483,485,484,996.0,1003.0,999.0,NO DATA,NO DATA,1.0,NO DATA,NO DATA,12,NO DATA,NO DATA,NO DATA,NO DATA,NO DATA,NO DATA,NO DATA,NO DATA,NO DATA
,24-Aug-2019 15:45:00,B1.ASGO.PFE 1.Converter1,G3,999.0,1000.0,999.0,270,271,270,NO DATA,NO DATA,NO DATA,NO DATA,NO DATA,NO DATA,NO DATA,NO DATA,NO DATA,NO DATA,NO DATA,NO DATA,NO DATA,NO DATA,NO DATA,30,31,30
,24-Aug-2019 15:45:00,B1.ASGO.PFE 1.Converter2,G3,999.0,1001.0,1000.0,265,267,266,NO DATA,NO DATA,NO DATA,NO DATA,NO DATA,NO DATA,NO DATA,NO DATA,NO DATA,NO DATA,NO DATA,NO DATA,NO DATA,NO DATA,NO DATA,37,40,38
,24-Aug-2019 15:45:00,T2.NZMA.PFE 1,G4,1000.0,1001.0,1000.0,5115,5116,5115,1000.0,1001.0,1000.0,0.0,1.0,0.0,12,12,12,990.0,992.0,991.0,0.0,0.0,0.0,NO DATA,NO DATA,NO DATA
,24-Aug-2019 15:45:00,T2.NZMA.PFE 1.Converter1,G4,999.0,1000.0,999.0,1041,1045,1042,NO DATA,NO DATA,NO DATA,NO DATA,NO DATA,NO DATA,NO DATA,NO DATA,NO DATA,NO DATA,NO DATA,NO DATA,NO DATA,NO DATA,NO DATA,42,44,43
,24-Aug-2019 15:45:00,T2.NZMA.PFE 1.Converter2,G4,999.0,1000.0,999.0,1052,1053,1052,NO DATA,NO DATA,NO DATA,NO DATA,NO DATA,NO DATA,NO DATA,NO DATA,NO DATA,NO DATA,NO DATA,NO DATA,NO DATA,NO DATA,NO DATA,42,44,43
,24-Aug-2019 15:45:00,T2.NZMA.PFE 1.Converter3,G4,1000.0,1001.0,1000.0,1023,1027,1025,NO DATA,NO DATA,NO DATA,NO DATA,NO DATA,NO DATA,NO DATA,NO DATA,NO DATA,NO DATA,NO DATA,NO DATA,NO DATA,NO DATA,NO DATA,42,44,43
,24-Aug-2019 15:45:00,T2.NZMA.PFE 1.Converter4,G4,1000.0,1001.0,1000.0,999,1000,999,NO DATA,NO DATA,NO DATA,NO DATA,NO DATA,NO DATA,NO DATA,NO DATA,NO DATA,NO DATA,NO DATA,NO DATA,NO DATA,NO DATA,NO DATA,42,44,43
,24-Aug-2019 15:45:00,T2.NZMA.PFE 1.Converter5,G4,999.0,1000.0,999.0,1070,1074,1071,NO DATA,NO DATA,NO DATA,NO DATA,NO DATA,NO DATA,NO DATA,NO DATA,NO DATA,NO DATA,NO DATA,NO DATA,NO DATA,NO DATA,NO DATA,42,44,43
,24-Aug-2019 15:45:00,T3.AUSY.PFE 1,G3,998.0,1002.0,999.0,2503,2505,2504,980.0,1018.0,998.0,NO DATA,NO DATA,1.0,NO DATA,NO DATA,13,NO DATA,NO DATA,NO DATA,NO DATA,NO DATA,NO DATA,NO DATA,NO DATA,NO DATA
,24-Aug-2019 15:45:00,T3.AUSY.PFE 1.Converter1,G3,997.0,1001.0,999.0,1259,1261,1260,NO DATA,NO DATA,NO DATA,NO DATA,NO DATA,NO DATA,NO DATA,NO DATA,NO DATA,NO DATA,NO DATA,NO DATA,NO DATA,NO DATA,NO DATA,39,42,40
,24-Aug-2019 15:45:00,T3.AUSY.PFE 1.Converter2,G3,998.0,1001.0,999.0,1294,1296,1294,NO DATA,NO DATA,NO DATA,NO DATA,NO DATA,NO DATA,NO DATA,NO DATA,NO DATA,NO DATA,NO DATA,NO DATA,NO DATA,NO DATA,NO DATA,37,38,37
,24-Aug-2019 15:45:00,T4.USPA.PFE 1,G4,998.0,1000.0,998.0,5263,5265,5263,998.0,1000.0,998.0,1.0,2.0,1.0,72,95,84,956.0,957.0,956.0,0.0,0.0,0.0,NO DATA,NO DATA,NO DATA
,24-Aug-2019 15:45:00,T4.USPA.PFE 1.Converter1,G4,998.0,999.0,998.0,1771,1774,1772,NO DATA,NO DATA,NO DATA,NO DATA,NO DATA,NO DATA,NO DATA,NO DATA,NO DATA,NO DATA,NO DATA,NO DATA,NO DATA,NO DATA,NO DATA,42,45,43
,24-Aug-2019 15:45:00,T4.USPA.PFE 1.Converter2,G4,997.0,999.0,998.0,1738,1741,1739,NO DATA,NO DATA,NO DATA,NO DATA,NO DATA,NO DATA,NO DATA,NO DATA,NO DATA,NO DATA,NO DATA,NO DATA,NO DATA,NO DATA,NO DATA,42,44,42
,24-Aug-2019 15:45:00,T4.USPA.PFE 1.Converter3,G4,997.0,998.0,997.0,1805,1808,1806,NO DATA,NO DATA,NO DATA,NO DATA,NO DATA,NO DATA,NO DATA,NO DATA,NO DATA,NO DATA,NO DATA,NO DATA,NO DATA,NO DATA,NO DATA,42,45,43
,24-Aug-2019 15:45:00,T5.HIKA.PFE 1,G4,1000.0,1000.0,1000.0,5089,5090,5089,1000.0,1000.0,1000.0,0.0,1.0,0.0,11,13,11,992.0,993.0,992.0,0.0,0.0,0.0,NO DATA,NO DATA,NO DATA
,24-Aug-2019 15:45:00,T5.HIKA.PFE 1.Converter1,G4,1000.0,1000.0,1000.0,1001,1002,1001,NO DATA,NO DATA,NO DATA,NO DATA,NO DATA,NO DATA,NO DATA,NO DATA,NO DATA,NO DATA,NO DATA,NO DATA,NO DATA,NO DATA,NO DATA,42,44,43
,24-Aug-2019 15:45:00,T5.HIKA.PFE 1.Converter2,G4,999.0,1000.0,999.0,1089,1091,1090,NO DATA,NO DATA,NO DATA,NO DATA,NO DATA,NO DATA,NO DATA,NO DATA,NO DATA,NO DATA,NO DATA,NO DATA,NO DATA,NO DATA,NO DATA,42,45,43
,24-Aug-2019 15:45:00,T5.HIKA.PFE 1.Converter3,G4,999.0,1000.0,999.0,1067,1071,1068,NO DATA,NO DATA,NO DATA,NO DATA,NO DATA,NO DATA,NO DATA,NO DATA,NO DATA,NO DATA,NO DATA,NO DATA,NO DATA,NO DATA,NO DATA,42,45,43
,24-Aug-2019 15:45:00,T5.HIKA.PFE 1.Converter4,G4,999.0,1000.0,999.0,1002,1006,1003,NO DATA,NO DATA,NO DATA,NO DATA,NO DATA,NO DATA,NO DATA,NO DATA,NO DATA,NO DATA,NO DATA,NO DATA,NO DATA,NO DATA,NO DATA,42,45,43
,24-Aug-2019 15:45:00,T5.HIKA.PFE 1.Converter5,G4,999.0,1000.0,999.0,1001,1002,1001,NO DATA,NO DATA,NO DATA,NO DATA,NO DATA,NO DATA,NO DATA,NO DATA,NO DATA,NO DATA,NO DATA,NO DATA,NO DATA,NO DATA,NO DATA,42,45,43
,24-Aug-2019 16:00:00,B1.ASGO.PFE 1,G3,999.0,1001.0,999.0,483,485,484,997.0,1002.0,999.0,NO DATA,NO DATA,1.0,NO DATA,NO DATA,12,NO DATA,NO DATA,NO DATA,NO DATA,NO DATA,NO DATA,NO DATA,NO DATA,NO DATA
,24-Aug-2019 16:00:00,B1.ASGO.PFE 1.Converter1,G3,999.0,1000.0,999.0,270,271,270,NO DATA,NO DATA,NO DATA,NO DATA,NO DATA,NO DATA,NO DATA,NO DATA,NO DATA,NO DATA,NO DATA,NO DATA,NO DATA,NO DATA,NO DATA,30,31,30
,24-Aug-2019 16:00:00,B1.ASGO.PFE 1.Converter2,G3,999.0,1001.0,1000.0,265,267,265,NO DATA,NO DATA,NO DATA,NO DATA,NO DATA,NO DATA,NO DATA,NO DATA,NO DATA,NO DATA,NO DATA,NO DATA,NO DATA,NO DATA,NO DATA,37,40,38
,24-Aug-2019 16:00:00,T2.NZMA.PFE 1,G4,1000.0,1001.0,1000.0,5116,5117,5116,1000.0,1001.0,1000.0,0.0,1.0,0.0,12,13,12,990.0,992.0,991.0,0.0,0.0,0.0,NO DATA,NO DATA,NO DATA
,24-Aug-2019 16:00:00,T2.NZMA.PFE 1.Converter1,G4,999.0,1000.0,999.0,1041,1045,1043,NO DATA,NO DATA,NO DATA,NO DATA,NO DATA,NO DATA,NO DATA,NO DATA,NO DATA,NO DATA,NO DATA,NO DATA,NO DATA,NO DATA,NO DATA,42,45,43
,24-Aug-2019 16:00:00,T2.NZMA.PFE 1.Converter2,G4,999.0,1000.0,999.0,1052,1053,1052,NO DATA,NO DATA,NO DATA,NO DATA,NO DATA,NO DATA,NO DATA,NO DATA,NO DATA,NO DATA,NO DATA,NO DATA,NO DATA,NO DATA,NO DATA,42,45,43
,24-Aug-2019 16:00:00,T2.NZMA.PFE 1.Converter3,G4,1000.0,1001.0,1000.0,1023,1027,1025,NO DATA,NO DATA,NO DATA,NO DATA,NO DATA,NO DATA,NO DATA,NO DATA,NO DATA,NO DATA,NO DATA,NO DATA,NO DATA,NO DATA,NO DATA,42,44,43
,24-Aug-2019 16:00:00,T2.NZMA.PFE 1.Converter4,G4,1000.0,1001.0,1000.0,999,1001,999,NO DATA,NO DATA,NO DATA,NO DATA,NO DATA,NO DATA,NO DATA,NO DATA,NO DATA,NO DATA,NO DATA,NO DATA,NO DATA,NO DATA,NO DATA,42,45,43
,24-Aug-2019 16:00:00,T2.NZMA.PFE 1.Converter5,G4,999.0,1000.0,999.0,1070,1073,1070,NO DATA,NO DATA,NO DATA,NO DATA,NO DATA,NO DATA,NO DATA,NO DATA,NO DATA,NO DATA,NO DATA,NO DATA,NO DATA,NO DATA,NO DATA,42,45,43
,24-Aug-2019 16:00:00,T3.AUSY.PFE 1,G3,999.0,1001.0,999.0,2504,2505,2504,994.0,1003.0,998.0,NO DATA,NO DATA,1.0,NO DATA,NO DATA,13,NO DATA,NO DATA,NO DATA,NO DATA,NO DATA,NO DATA,NO DATA,NO DATA,NO DATA
,24-Aug-2019 16:00:00,T3.AUSY.PFE 1.Converter1,G3,999.0,1001.0,999.0,1260,1261,1260,NO DATA,NO DATA,NO DATA,NO DATA,NO DATA,NO DATA,NO DATA,NO DATA,NO DATA,NO DATA,NO DATA,NO DATA,NO DATA,NO DATA,NO DATA,39,42,40
,24-Aug-2019 16:00:00,T3.AUSY.PFE 1.Converter2,G3,999.0,1000.0,999.0,1295,1296,1295,NO DATA,NO DATA,NO DATA,NO DATA,NO DATA,NO DATA,NO DATA,NO DATA,NO DATA,NO DATA,NO DATA,NO DATA,NO DATA,NO DATA,NO DATA,37,38,37
,24-Aug-2019 16:00:00,T4.USPA.PFE 1,G4,998.0,1000.0,998.0,5262,5264,5263,998.0,1000.0,998.0,1.0,2.0,1.0,72,95,84,956.0,957.0,956.0,0.0,0.0,0.0,NO DATA,NO DATA,NO DATA
,24-Aug-2019 16:00:00,T4.USPA.PFE 1.Converter1,G4,997.0,999.0,998.0,1771,1774,1772,NO DATA,NO DATA,NO DATA,NO DATA,NO DATA,NO DATA,NO DATA,NO DATA,NO DATA,NO DATA,NO DATA,NO DATA,NO DATA,NO DATA,NO DATA,42,44,43
,24-Aug-2019 16:00:00,T4.USPA.PFE 1.Converter2,G4,997.0,999.0,998.0,1738,1741,1739,NO DATA,NO DATA,NO DATA,NO DATA,NO DATA,NO DATA,NO DATA,NO DATA,NO DATA,NO DATA,NO DATA,NO DATA,NO DATA,NO DATA,NO DATA,42,44,43
,24-Aug-2019 16:00:00,T4.USPA.PFE 1.Converter3,G4,997.0,998.0,997.0,1805,1808,1806,NO DATA,NO DATA,NO DATA,NO DATA,NO DATA,NO DATA,NO DATA,NO DATA,NO DATA,NO DATA,NO DATA,NO DATA,NO DATA,NO DATA,NO DATA,42,45,43
,24-Aug-2019 16:00:00,T5.HIKA.PFE 1,G4,1000.0,1000.0,1000.0,5088,5089,5088,1000.0,1000.0,1000.0,0.0,1.0,0.0,11,13,11,992.0,993.0,992.0,0.0,0.0,0.0,NO DATA,NO DATA,NO DATA
,24-Aug-2019 16:00:00,T5.HIKA.PFE 1.Converter1,G4,1000.0,1000.0,1000.0,1000,1002,1001,NO DATA,NO DATA,NO DATA,NO DATA,NO DATA,NO DATA,NO DATA,NO DATA,NO DATA,NO DATA,NO DATA,NO DATA,NO DATA,NO DATA,NO DATA,42,45,44
,24-Aug-2019 16:00:00,T5.HIKA.PFE 1.Converter2,G4,999.0,1000.0,999.0,1090,1091,1090,NO DATA,NO DATA,NO DATA,NO DATA,NO DATA,NO DATA,NO DATA,NO DATA,NO DATA,NO DATA,NO DATA,NO DATA,NO DATA,NO DATA,NO DATA,42,47,44
,24-Aug-2019 16:00:00,T5.HIKA.PFE 1.Converter3,G4,999.0,1000.0,999.0,1067,1069,1067,NO DATA,NO DATA,NO DATA,NO DATA,NO DATA,NO DATA,NO DATA,NO DATA,NO DATA,NO DATA,NO DATA,NO DATA,NO DATA,NO DATA,NO DATA,42,46,44
,24-Aug-2019 16:00:00,T5.HIKA.PFE 1.Converter4,G4,999.0,1000.0,999.0,1002,1006,1003,NO DATA,NO DATA,NO DATA,NO DATA,NO DATA,NO DATA,NO DATA,NO DATA,NO DATA,NO DATA,NO DATA,NO DATA,NO DATA,NO DATA,NO DATA,43,46,44
,24-Aug-2019 16:00:00,T5.HIKA.PFE 1.Converter5,G4,999.0,1000.0,999.0,1001,1002,1001,NO DATA,NO DATA,NO DATA,NO DATA,NO DATA,NO DATA,NO DATA,NO DATA,NO DATA,NO DATA,NO DATA,NO DATA,NO DATA,NO DATA,NO DATA,42,47,44
,24-Aug-2019 16:15:00,B1.ASGO.PFE 1,G3,999.0,1001.0,999.0,483,485,484,996.0,1002.0,999.0,NO DATA,NO DATA,1.0,NO DATA,NO DATA,12,NO DATA,NO DATA,NO DATA,NO DATA,NO DATA,NO DATA,NO DATA,NO DATA,NO DATA
,24-Aug-2019 16:15:00,B1.ASGO.PFE 1.Converter1,G3,999.0,1000.0,999.0,270,271,270,NO DATA,NO DATA,NO DATA,NO DATA,NO DATA,NO DATA,NO DATA,NO DATA,NO DATA,NO DATA,NO DATA,NO DATA,NO DATA,NO DATA,NO DATA,29,31,29
,24-Aug-2019 16:15:00,B1.ASGO.PFE 1.Converter2,G3,999.0,1001.0,1000.0,266,267,266,NO DATA,NO DATA,NO DATA,NO DATA,NO DATA,NO DATA,NO DATA,NO DATA,NO DATA,NO DATA,NO DATA,NO DATA,NO DATA,NO DATA,NO DATA,37,39,38
,24-Aug-2019 16:15:00,T2.NZMA.PFE 1,G4,1000.0,1001.0,1000.0,5116,5117,5116,1000.0,1001.0,1000.0,0.0,1.0,0.0,12,13,12,990.0,992.0,991.0,0.0,0.0,0.0,NO DATA,NO DATA,NO DATA
,24-Aug-2019 16:15:00,T2.NZMA.PFE 1.Converter1,G4,999.0,1000.0,999.0,1041,1045,1042,NO DATA,NO DATA,NO DATA,NO DATA,NO DATA,NO DATA,NO DATA,NO DATA,NO DATA,NO DATA,NO DATA,NO DATA,NO DATA,NO DATA,NO DATA,42,45,43
,24-Aug-2019 16:15:00,T2.NZMA.PFE 1.Converter2,G4,999.0,1000.0,999.0,1052,1053,1052,NO DATA,NO DATA,NO DATA,NO DATA,NO DATA,NO DATA,NO DATA,NO DATA,NO DATA,NO DATA,NO DATA,NO DATA,NO DATA,NO DATA,NO DATA,42,44,43
,24-Aug-2019 16:15:00,T2.NZMA.PFE 1.Converter3,G4,1000.0,1001.0,1000.0,1024,1028,1026,NO DATA,NO DATA,NO DATA,NO DATA,NO DATA,NO DATA,NO DATA,NO DATA,NO DATA,NO DATA,NO DATA,NO DATA,NO DATA,NO DATA,NO DATA,42,44,43
,24-Aug-2019 16:15:00,T2.NZMA.PFE 1.Converter4,G4,1000.0,1001.0,1000.0,999,1000,999,NO DATA,NO DATA,NO DATA,NO DATA,NO DATA,NO DATA,NO DATA,NO DATA,NO DATA,NO DATA,NO DATA,NO DATA,NO DATA,NO DATA,NO DATA,42,45,43
,24-Aug-2019 16:15:00,T2.NZMA.PFE 1.Converter5,G4,999.0,1000.0,999.0,1070,1072,1070,NO DATA,NO DATA,NO DATA,NO DATA,NO DATA,NO DATA,NO DATA,NO DATA,NO DATA,NO DATA,NO DATA,NO DATA,NO DATA,NO DATA,NO DATA,42,44,43
,24-Aug-2019 16:15:00,T3.AUSY.PFE 1,G3,999.0,1001.0,999.0,2504,2505,2504,995.0,1003.0,998.0,NO DATA,NO DATA,1.0,NO DATA,NO DATA,13,NO DATA,NO DATA,NO DATA,NO DATA,NO DATA,NO DATA,NO DATA,NO DATA,NO DATA
,24-Aug-2019 16:15:00,T3.AUSY.PFE 1.Converter1,G3,999.0,1000.0,999.0,1259,1261,1260,NO DATA,NO DATA,NO DATA,NO DATA,NO DATA,NO DATA,NO DATA,NO DATA,NO DATA,NO DATA,NO DATA,NO DATA,NO DATA,NO DATA,NO DATA,40,42,40
,24-Aug-2019 16:15:00,T3.AUSY.PFE 1.Converter2,G3,999.0,1000.0,999.0,1294,1296,1295,NO DATA,NO DATA,NO DATA,NO DATA,NO DATA,NO DATA,NO DATA,NO DATA,NO DATA,NO DATA,NO DATA,NO DATA,NO DATA,NO DATA,NO DATA,37,38,37
,24-Aug-2019 16:15:00,T4.USPA.PFE 1,G4,998.0,1000.0,998.0,5262,5264,5262,998.0,1000.0,998.0,1.0,2.0,1.0,73,95,84,956.0,957.0,956.0,0.0,0.0,0.0,NO DATA,NO DATA,NO DATA
,24-Aug-2019 16:15:00,T4.USPA.PFE 1.Converter1,G4,998.0,999.0,998.0,1771,1773,1772,NO DATA,NO DATA,NO DATA,NO DATA,NO DATA,NO DATA,NO DATA,NO DATA,NO DATA,NO DATA,NO DATA,NO DATA,NO DATA,NO DATA,NO DATA,42,44,43
,24-Aug-2019 16:15:00,T4.USPA.PFE 1.Converter2,G4,997.0,999.0,998.0,1738,1740,1738,NO DATA,NO DATA,NO DATA,NO DATA,NO DATA,NO DATA,NO DATA,NO DATA,NO DATA,NO DATA,NO DATA,NO DATA,NO DATA,NO DATA,NO DATA,42,43,42
,24-Aug-2019 16:15:00,T4.USPA.PFE 1.Converter3,G4,997.0,998.0,997.0,1806,1808,1806,NO DATA,NO DATA,NO DATA,NO DATA,NO DATA,NO DATA,NO DATA,NO DATA,NO DATA,NO DATA,NO DATA,NO DATA,NO DATA,NO DATA,NO DATA,42,45,43
,24-Aug-2019 16:15:00,T5.HIKA.PFE 1,G4,1000.0,1000.0,1000.0,5088,5090,5089,1000.0,1000.0,1000.0,0.0,2.0,0.0,11,13,11,992.0,993.0,992.0,0.0,0.0,0.0,NO DATA,NO DATA,NO DATA
,24-Aug-2019 16:15:00,T5.HIKA.PFE 1.Converter1,G4,1000.0,1000.0,1000.0,1000,1002,1001,NO DATA,NO DATA,NO DATA,NO DATA,NO DATA,NO DATA,NO DATA,NO DATA,NO DATA,NO DATA,NO DATA,NO DATA,NO DATA,NO DATA,NO DATA,43,45,43
,24-Aug-2019 16:15:00,T5.HIKA.PFE 1.Converter2,G4,999.0,1000.0,999.0,1089,1091,1090,NO DATA,NO DATA,NO DATA,NO DATA,NO DATA,NO DATA,NO DATA,NO DATA,NO DATA,NO DATA,NO DATA,NO DATA,NO DATA,NO DATA,NO DATA,42,47,45
,24-Aug-2019 16:15:00,T5.HIKA.PFE 1.Converter3,G4,1000.0,1000.0,1000.0,1067,1069,1067,NO DATA,NO DATA,NO DATA,NO DATA,NO DATA,NO DATA,NO DATA,NO DATA,NO DATA,NO DATA,NO DATA,NO DATA,NO DATA,NO DATA,NO DATA,42,46,44
,24-Aug-2019 16:15:00,T5.HIKA.PFE 1.Converter4,G4,999.0,1000.0,999.0,1002,1006,1004,NO DATA,NO DATA,NO DATA,NO DATA,NO DATA,NO DATA,NO DATA,NO DATA,NO DATA,NO DATA,NO DATA,NO DATA,NO DATA,NO DATA,NO DATA,42,46,44
,24-Aug-2019 16:15:00,T5.HIKA.PFE 1.Converter5,G4,999.0,1000.0,999.0,1001,1002,1001,NO DATA,NO DATA,NO DATA,NO DATA,NO DATA,NO DATA,NO DATA,NO DATA,NO DATA,NO DATA,NO DATA,NO DATA,NO DATA,NO DATA,NO DATA,42,47,45
,24-Aug-2019 16:30:00,B1.ASGO.PFE 1,G3,999.0,1001.0,999.0,483,485,484,996.0,1002.0,999.0,NO DATA,NO DATA,1.0,NO DATA,NO DATA,12,NO DATA,NO DATA,NO DATA,NO DATA,NO DATA,NO DATA,NO DATA,NO DATA,NO DATA
,24-Aug-2019 16:30:00,B1.ASGO.PFE 1.Converter1,G3,999.0,1000.0,999.0,270,271,270,NO DATA,NO DATA,NO DATA,NO DATA,NO DATA,NO DATA,NO DATA,NO DATA,NO DATA,NO DATA,NO DATA,NO DATA,NO DATA,NO DATA,NO DATA,27,29,28
,24-Aug-2019 16:30:00,B1.ASGO.PFE 1.Converter2,G3,999.0,1001.0,1000.0,265,267,266,NO DATA,NO DATA,NO DATA,NO DATA,NO DATA,NO DATA,NO DATA,NO DATA,NO DATA,NO DATA,NO DATA,NO DATA,NO DATA,NO DATA,NO DATA,36,39,37
,24-Aug-2019 16:30:00,T2.NZMA.PFE 1,G4,1000.0,1001.0,1000.0,5116,5117,5116,1000.0,1001.0,1000.0,0.0,1.0,0.0,12,13,12,990.0,992.0,991.0,0.0,0.0,0.0,NO DATA,NO DATA,NO DATA
,24-Aug-2019 16:30:00,T2.NZMA.PFE 1.Converter1,G4,999.0,1000.0,999.0,1041,1045,1042,NO DATA,NO DATA,NO DATA,NO DATA,NO DATA,NO DATA,NO DATA,NO DATA,NO DATA,NO DATA,NO DATA,NO DATA,NO DATA,NO DATA,NO DATA,42,45,43
,24-Aug-2019 16:30:00,T2.NZMA.PFE 1.Converter2,G4,999.0,1000.0,999.0,1052,1053,1052,NO DATA,NO DATA,NO DATA,NO DATA,NO DATA,NO DATA,NO DATA,NO DATA,NO DATA,NO DATA,NO DATA,NO DATA,NO DATA,NO DATA,NO DATA,42,44,43
,24-Aug-2019 16:30:00,T2.NZMA.PFE 1.Converter3,G4,1000.0,1001.0,1000.0,1024,1028,1026,NO DATA,NO DATA,NO DATA,NO DATA,NO DATA,NO DATA,NO DATA,NO DATA,NO DATA,NO DATA,NO DATA,NO DATA,NO DATA,NO DATA,NO DATA,42,44,43
,24-Aug-2019 16:30:00,T2.NZMA.PFE 1.Converter4,G4,1000.0,1001.0,1000.0,999,1000,999,NO DATA,NO DATA,NO DATA,NO DATA,NO DATA,NO DATA,NO DATA,NO DATA,NO DATA,NO DATA,NO DATA,NO DATA,NO DATA,NO DATA,NO DATA,42,45,43
,24-Aug-2019 16:30:00,T2.NZMA.PFE 1.Converter5,G4,999.0,1000.0,999.0,1070,1071,1070,NO DATA,NO DATA,NO DATA,NO DATA,NO DATA,NO DATA,NO DATA,NO DATA,NO DATA,NO DATA,NO DATA,NO DATA,NO DATA,NO DATA,NO DATA,42,44,43
,24-Aug-2019 16:30:00,T3.AUSY.PFE 1,G3,999.0,1001.0,999.0,2504,2505,2504,995.0,1004.0,998.0,NO DATA,NO DATA,1.0,NO DATA,NO DATA,13,NO DATA,NO DATA,NO DATA,NO DATA,NO DATA,NO DATA,NO DATA,NO DATA,NO DATA
,24-Aug-2019 16:30:00,T3.AUSY.PFE 1.Converter1,G3,999.0,1000.0,999.0,1260,1261,1260,NO DATA,NO DATA,NO DATA,NO DATA,NO DATA,NO DATA,NO DATA,NO DATA,NO DATA,NO DATA,NO DATA,NO DATA,NO DATA,NO DATA,NO DATA,39,42,40
,24-Aug-2019 16:30:00,T3.AUSY.PFE 1.Converter2,G3,999.0,1000.0,999.0,1294,1296,1295,NO DATA,NO DATA,NO DATA,NO DATA,NO DATA,NO DATA,NO DATA,NO DATA,NO DATA,NO DATA,NO DATA,NO DATA,NO DATA,NO DATA,NO DATA,37,38,37
,24-Aug-2019 16:30:00,T4.USPA.PFE 1,G4,998.0,1000.0,998.0,5262,5264,5263,998.0,1000.0,998.0,1.0,2.0,1.0,73,96,84,956.0,957.0,956.0,0.0,0.0,0.0,NO DATA,NO DATA,NO DATA
,24-Aug-2019 16:30:00,T4.USPA.PFE 1.Converter1,G4,997.0,999.0,998.0,1771,1774,1772,NO DATA,NO DATA,NO DATA,NO DATA,NO DATA,NO DATA,NO DATA,NO DATA,NO DATA,NO DATA,NO DATA,NO DATA,NO DATA,NO DATA,NO DATA,42,44,43
,24-Aug-2019 16:30:00,T4.USPA.PFE 1.Converter2,G4,997.0,999.0,998.0,1737,1741,1738,NO DATA,NO DATA,NO DATA,NO DATA,NO DATA,NO DATA,NO DATA,NO DATA,NO DATA,NO DATA,NO DATA,NO DATA,NO DATA,NO DATA,NO DATA,42,44,43
,24-Aug-2019 16:30:00,T4.USPA.PFE 1.Converter3,G4,997.0,999.0,997.0,1806,1808,1807,NO DATA,NO DATA,NO DATA,NO DATA,NO DATA,NO DATA,NO DATA,NO DATA,NO DATA,NO DATA,NO DATA,NO DATA,NO DATA,NO DATA,NO DATA,42,45,43
,24-Aug-2019 16:30:00,T5.HIKA.PFE 1,G4,1000.0,1000.0,1000.0,5089,5090,5089,1000.0,1000.0,1000.0,0.0,1.0,0.0,11,13,11,992.0,993.0,992.0,0.0,0.0,0.0,NO DATA,NO DATA,NO DATA
,24-Aug-2019 16:30:00,T5.HIKA.PFE 1.Converter1,G4,1000.0,1000.0,1000.0,1000,1002,1001,NO DATA,NO DATA,NO DATA,NO DATA,NO DATA,NO DATA,NO DATA,NO DATA,NO DATA,NO DATA,NO DATA,NO DATA,NO DATA,NO DATA,NO DATA,42,44,43
,24-Aug-2019 16:30:00,T5.HIKA.PFE 1.Converter2,G4,999.0,1000.0,999.0,1089,1091,1090,NO DATA,NO DATA,NO DATA,NO DATA,NO DATA,NO DATA,NO DATA,NO DATA,NO DATA,NO DATA,NO DATA,NO DATA,NO DATA,NO DATA,NO DATA,42,45,43
,24-Aug-2019 16:30:00,T5.HIKA.PFE 1.Converter3,G4,999.0,1000.0,999.0,1067,1071,1068,NO DATA,NO DATA,NO DATA,NO DATA,NO DATA,NO DATA,NO DATA,NO DATA,NO DATA,NO DATA,NO DATA,NO DATA,NO DATA,NO DATA,NO DATA,42,44,43
,24-Aug-2019 16:30:00,T5.HIKA.PFE 1.Converter4,G4,999.0,1000.0,999.0,1002,1006,1004,NO DATA,NO DATA,NO DATA,NO DATA,NO DATA,NO DATA,NO DATA,NO DATA,NO DATA,NO DATA,NO DATA,NO DATA,NO DATA,NO DATA,NO DATA,42,45,43
,24-Aug-2019 16:30:00,T5.HIKA.PFE 1.Converter5,G4,999.0,1000.0,999.0,1000,1002,1001,NO DATA,NO DATA,NO DATA,NO DATA,NO DATA,NO DATA,NO DATA,NO DATA,NO DATA,NO DATA,NO DATA,NO DATA,NO DATA,NO DATA,NO DATA,42,45,43
,24-Aug-2019 16:45:00,B1.ASGO.PFE 1,G3,999.0,1001.0,999.0,483,485,483,996.0,1002.0,999.0,NO DATA,NO DATA,1.0,NO DATA,NO DATA,12,NO DATA,NO DATA,NO DATA,NO DATA,NO DATA,NO DATA,NO DATA,NO DATA,NO DATA
,24-Aug-2019 16:45:00,B1.ASGO.PFE 1.Converter1,G3,999.0,1000.0,999.0,270,271,270,NO DATA,NO DATA,NO DATA,NO DATA,NO DATA,NO DATA,NO DATA,NO DATA,NO DATA,NO DATA,NO DATA,NO DATA,NO DATA,NO DATA,NO DATA,27,28,27
,24-Aug-2019 16:45:00,B1.ASGO.PFE 1.Converter2,G3,999.0,1001.0,1000.0,266,267,266,NO DATA,NO DATA,NO DATA,NO DATA,NO DATA,NO DATA,NO DATA,NO DATA,NO DATA,NO DATA,NO DATA,NO DATA,NO DATA,NO DATA,NO DATA,35,38,36
,24-Aug-2019 16:45:00,T2.NZMA.PFE 1,G4,1000.0,1001.0,1000.0,5116,5118,5116,1000.0,1001.0,1000.0,0.0,1.0,0.0,12,13,12,990.0,992.0,991.0,0.0,0.0,0.0,NO DATA,NO DATA,NO DATA
,24-Aug-2019 16:45:00,T2.NZMA.PFE 1.Converter1,G4,999.0,1000.0,999.0,1041,1045,1043,NO DATA,NO DATA,NO DATA,NO DATA,NO DATA,NO DATA,NO DATA,NO DATA,NO DATA,NO DATA,NO DATA,NO DATA,NO DATA,NO DATA,NO DATA,42,45,43
,24-Aug-2019 16:45:00,T2.NZMA.PFE 1.Converter2,G4,999.0,1000.0,999.0,1052,1055,1052,NO DATA,NO DATA,NO DATA,NO DATA,NO DATA,NO DATA,NO DATA,NO DATA,NO DATA,NO DATA,NO DATA,NO DATA,NO DATA,NO DATA,NO DATA,42,44,43
,24-Aug-2019 16:45:00,T2.NZMA.PFE 1.Converter3,G4,1000.0,1001.0,1000.0,1024,1028,1026,NO DATA,NO DATA,NO DATA,NO DATA,NO DATA,NO DATA,NO DATA,NO DATA,NO DATA,NO DATA,NO DATA,NO DATA,NO DATA,NO DATA,NO DATA,42,45,43
,24-Aug-2019 16:45:00,T2.NZMA.PFE 1.Converter4,G4,1000.0,1001.0,1000.0,999,1000,999,NO DATA,NO DATA,NO DATA,NO DATA,NO DATA,NO DATA,NO DATA,NO DATA,NO DATA,NO DATA,NO DATA,NO DATA,NO DATA,NO DATA,NO DATA,42,44,43
,24-Aug-2019 16:45:00,T2.NZMA.PFE 1.Converter5,G4,999.0,1000.0,999.0,1070,1071,1070,NO DATA,NO DATA,NO DATA,NO DATA,NO DATA,NO DATA,NO DATA,NO DATA,NO DATA,NO DATA,NO DATA,NO DATA,NO DATA,NO DATA,NO DATA,42,45,43
,24-Aug-2019 16:45:00,T3.AUSY.PFE 1,G3,999.0,1001.0,999.0,2504,2505,2504,995.0,1003.0,998.0,NO DATA,NO DATA,1.0,NO DATA,NO DATA,13,NO DATA,NO DATA,NO DATA,NO DATA,NO DATA,NO DATA,NO DATA,NO DATA,NO DATA
,24-Aug-2019 16:45:00,T3.AUSY.PFE 1.Converter1,G3,999.0,1000.0,999.0,1260,1261,1260,NO DATA,NO DATA,NO DATA,NO DATA,NO DATA,NO DATA,NO DATA,NO DATA,NO DATA,NO DATA,NO DATA,NO DATA,NO DATA,NO DATA,NO DATA,39,42,40
,24-Aug-2019 16:45:00,T3.AUSY.PFE 1.Converter2,G3,999.0,1000.0,999.0,1294,1296,1294,NO DATA,NO DATA,NO DATA,NO DATA,NO DATA,NO DATA,NO DATA,NO DATA,NO DATA,NO DATA,NO DATA,NO DATA,NO DATA,NO DATA,NO DATA,37,38,37
,24-Aug-2019 16:45:00,T4.USPA.PFE 1,G4,998.0,1000.0,998.0,5261,5264,5262,998.0,1000.0,998.0,1.0,2.0,1.0,72,95,84,956.0,957.0,956.0,0.0,0.0,0.0,NO DATA,NO DATA,NO DATA
,24-Aug-2019 16:45:00,T4.USPA.PFE 1.Converter1,G4,998.0,999.0,998.0,1772,1774,1772,NO DATA,NO DATA,NO DATA,NO DATA,NO DATA,NO DATA,NO DATA,NO DATA,NO DATA,NO DATA,NO DATA,NO DATA,NO DATA,NO DATA,NO DATA,42,44,43
,24-Aug-2019 16:45:00,T4.USPA.PFE 1.Converter2,G4,997.0,999.0,998.0,1737,1740,1738,NO DATA,NO DATA,NO DATA,NO DATA,NO DATA,NO DATA,NO DATA,NO DATA,NO DATA,NO DATA,NO DATA,NO DATA,NO DATA,NO DATA,NO DATA,42,44,43
,24-Aug-2019 16:45:00,T4.USPA.PFE 1.Converter3,G4,997.0,998.0,997.0,1805,1808,1806,NO DATA,NO DATA,NO DATA,NO DATA,NO DATA,NO DATA,NO DATA,NO DATA,NO DATA,NO DATA,NO DATA,NO DATA,NO DATA,NO DATA,NO DATA,42,45,43
,24-Aug-2019 16:45:00,T5.HIKA.PFE 1,G4,1000.0,1000.0,1000.0,5088,5090,5088,1000.0,1000.0,1000.0,0.0,1.0,0.0,11,13,11,992.0,993.0,992.0,0.0,0.0,0.0,NO DATA,NO DATA,NO DATA
,24-Aug-2019 16:45:00,T5.HIKA.PFE 1.Converter1,G4,1000.0,1000.0,1000.0,1000,1002,1001,NO DATA,NO DATA,NO DATA,NO DATA,NO DATA,NO DATA,NO DATA,NO DATA,NO DATA,NO DATA,NO DATA,NO DATA,NO DATA,NO DATA,NO DATA,42,45,43
,24-Aug-2019 16:45:00,T5.HIKA.PFE 1.Converter2,G4,999.0,1000.0,999.0,1089,1091,1090,NO DATA,NO DATA,NO DATA,NO DATA,NO DATA,NO DATA,NO DATA,NO DATA,NO DATA,NO DATA,NO DATA,NO DATA,NO DATA,NO DATA,NO DATA,43,44,43
,24-Aug-2019 16:45:00,T5.HIKA.PFE 1.Converter3,G4,999.0,1000.0,999.0,1067,1071,1068,NO DATA,NO DATA,NO DATA,NO DATA,NO DATA,NO DATA,NO DATA,NO DATA,NO DATA,NO DATA,NO DATA,NO DATA,NO DATA,NO DATA,NO DATA,43,45,43
,24-Aug-2019 16:45:00,T5.HIKA.PFE 1.Converter4,G4,999.0,1000.0,999.0,1002,1006,1003,NO DATA,NO DATA,NO DATA,NO DATA,NO DATA,NO DATA,NO DATA,NO DATA,NO DATA,NO DATA,NO DATA,NO DATA,NO DATA,NO DATA,NO DATA,42,45,43
,24-Aug-2019 16:45:00,T5.HIKA.PFE 1.Converter5,G4,999.0,1000.0,999.0,1001,1002,1001,NO DATA,NO DATA,NO DATA,NO DATA,NO DATA,NO DATA,NO DATA,NO DATA,NO DATA,NO DATA,NO DATA,NO DATA,NO DATA,NO DATA,NO DATA,43,44,43
,24-Aug-2019 17:00:00,B1.ASGO.PFE 1,G3,999.0,1001.0,999.0,483,485,483,996.0,1002.0,999.0,NO DATA,NO DATA,1.0,NO DATA,NO DATA,12,NO DATA,NO DATA,NO DATA,NO DATA,NO DATA,NO DATA,NO DATA,NO DATA,NO DATA
,24-Aug-2019 17:00:00,B1.ASGO.PFE 1.Converter1,G3,999.0,1000.0,999.0,270,271,270,NO DATA,NO DATA,NO DATA,NO DATA,NO DATA,NO DATA,NO DATA,NO DATA,NO DATA,NO DATA,NO DATA,NO DATA,NO DATA,NO DATA,NO DATA,27,27,27
,24-Aug-2019 17:00:00,B1.ASGO.PFE 1.Converter2,G3,999.0,1001.0,1000.0,265,267,266,NO DATA,NO DATA,NO DATA,NO DATA,NO DATA,NO DATA,NO DATA,NO DATA,NO DATA,NO DATA,NO DATA,NO DATA,NO DATA,NO DATA,NO DATA,35,38,36
,24-Aug-2019 17:00:00,T2.NZMA.PFE 1,G4,1000.0,1001.0,1000.0,5118,5119,5118,1000.0,1001.0,1000.0,0.0,1.0,0.0,12,13,12,990.0,992.0,991.0,0.0,0.0,0.0,NO DATA,NO DATA,NO DATA
,24-Aug-2019 17:00:00,T2.NZMA.PFE 1.Converter1,G4,999.0,1000.0,999.0,1042,1045,1043,NO DATA,NO DATA,NO DATA,NO DATA,NO DATA,NO DATA,NO DATA,NO DATA,NO DATA,NO DATA,NO DATA,NO DATA,NO DATA,NO DATA,NO DATA,42,45,43
,24-Aug-2019 17:00:00,T2.NZMA.PFE 1.Converter2,G4,999.0,1000.0,999.0,1052,1053,1052,NO DATA,NO DATA,NO DATA,NO DATA,NO DATA,NO DATA,NO DATA,NO DATA,NO DATA,NO DATA,NO DATA,NO DATA,NO DATA,NO DATA,NO DATA,42,44,43
,24-Aug-2019 17:00:00,T2.NZMA.PFE 1.Converter3,G4,1000.0,1001.0,1000.0,1025,1028,1026,NO DATA,NO DATA,NO DATA,NO DATA,NO DATA,NO DATA,NO DATA,NO DATA,NO DATA,NO DATA,NO DATA,NO DATA,NO DATA,NO DATA,NO DATA,42,45,43
,24-Aug-2019 17:00:00,T2.NZMA.PFE 1.Converter4,G4,1000.0,1001.0,1000.0,999,1000,999,NO DATA,NO DATA,NO DATA,NO DATA,NO DATA,NO DATA,NO DATA,NO DATA,NO DATA,NO DATA,NO DATA,NO DATA,NO DATA,NO DATA,NO DATA,42,44,43
,24-Aug-2019 17:00:00,T2.NZMA.PFE 1.Converter5,G4,999.0,1000.0,999.0,1070,1072,1070,NO DATA,NO DATA,NO DATA,NO DATA,NO DATA,NO DATA,NO DATA,NO DATA,NO DATA,NO DATA,NO DATA,NO DATA,NO DATA,NO DATA,NO DATA,42,44,43
,24-Aug-2019 17:00:00,T3.AUSY.PFE 1,G3,999.0,1001.0,999.0,2504,2505,2504,995.0,1003.0,998.0,NO DATA,NO DATA,1.0,NO DATA,NO DATA,13,NO DATA,NO DATA,NO DATA,NO DATA,NO DATA,NO DATA,NO DATA,NO DATA,NO DATA
,24-Aug-2019 17:00:00,T3.AUSY.PFE 1.Converter1,G3,999.0,1000.0,999.0,1260,1261,1260,NO DATA,NO DATA,NO DATA,NO DATA,NO DATA,NO DATA,NO DATA,NO DATA,NO DATA,NO DATA,NO DATA,NO DATA,NO DATA,NO DATA,NO DATA,39,42,40
,24-Aug-2019 17:00:00,T3.AUSY.PFE 1.Converter2,G3,999.0,1000.0,999.0,1294,1296,1295,NO DATA,NO DATA,NO DATA,NO DATA,NO DATA,NO DATA,NO DATA,NO DATA,NO DATA,NO DATA,NO DATA,NO DATA,NO DATA,NO DATA,NO DATA,37,38,37
,24-Aug-2019 17:00:00,T4.USPA.PFE 1,G4,998.0,1000.0,998.0,5261,5263,5261,998.0,1000.0,998.0,1.0,2.0,1.0,72,96,84,956.0,957.0,956.0,0.0,0.0,0.0,NO DATA,NO DATA,NO DATA
,24-Aug-2019 17:00:00,T4.USPA.PFE 1.Converter1,G4,998.0,999.0,998.0,1771,1773,1772,NO DATA,NO DATA,NO DATA,NO DATA,NO DATA,NO DATA,NO DATA,NO DATA,NO DATA,NO DATA,NO DATA,NO DATA,NO DATA,NO DATA,NO DATA,42,44,43
,24-Aug-2019 17:00:00,T4.USPA.PFE 1.Converter2,G4,998.0,999.0,998.0,1737,1740,1738,NO DATA,NO DATA,NO DATA,NO DATA,NO DATA,NO DATA,NO DATA,NO DATA,NO DATA,NO DATA,NO DATA,NO DATA,NO DATA,NO DATA,NO DATA,42,43,42
,24-Aug-2019 17:00:00,T4.USPA.PFE 1.Converter3,G4,997.0,998.0,997.0,1805,1807,1806,NO DATA,NO DATA,NO DATA,NO DATA,NO DATA,NO DATA,NO DATA,NO DATA,NO DATA,NO DATA,NO DATA,NO DATA,NO DATA,NO DATA,NO DATA,42,45,43
,24-Aug-2019 17:00:00,T5.HIKA.PFE 1,G4,1000.0,1000.0,1000.0,5088,5089,5088,1000.0,1000.0,1000.0,0.0,1.0,0.0,11,13,11,992.0,993.0,992.0,0.0,0.0,0.0,NO DATA,NO DATA,NO DATA
,24-Aug-2019 17:00:00,T5.HIKA.PFE 1.Converter1,G4,1000.0,1000.0,1000.0,1001,1002,1001,NO DATA,NO DATA,NO DATA,NO DATA,NO DATA,NO DATA,NO DATA,NO DATA,NO DATA,NO DATA,NO DATA,NO DATA,NO DATA,NO DATA,NO DATA,42,45,43
,24-Aug-2019 17:00:00,T5.HIKA.PFE 1.Converter2,G4,999.0,1000.0,999.0,1089,1091,1090,NO DATA,NO DATA,NO DATA,NO DATA,NO DATA,NO DATA,NO DATA,NO DATA,NO DATA,NO DATA,NO DATA,NO DATA,NO DATA,NO DATA,NO DATA,43,45,44
,24-Aug-2019 17:00:00,T5.HIKA.PFE 1.Converter3,G4,1000.0,1000.0,1000.0,1067,1069,1067,NO DATA,NO DATA,NO DATA,NO DATA,NO DATA,NO DATA,NO DATA,NO DATA,NO DATA,NO DATA,NO DATA,NO DATA,NO DATA,NO DATA,NO DATA,43,44,43
,24-Aug-2019 17:00:00,T5.HIKA.PFE 1.Converter4,G4,999.0,1000.0,999.0,1002,1006,1003,NO DATA,NO DATA,NO DATA,NO DATA,NO DATA,NO DATA,NO DATA,NO DATA,NO DATA,NO DATA,NO DATA,NO DATA,NO DATA,NO DATA,NO DATA,42,45,43
,24-Aug-2019 17:00:00,T5.HIKA.PFE 1.Converter5,G4,999.0,1000.0,999.0,1001,1002,1001,NO DATA,NO DATA,NO DATA,NO DATA,NO DATA,NO DATA,NO DATA,NO DATA,NO DATA,NO DATA,NO DATA,NO DATA,NO DATA,NO DATA,NO DATA,43,45,43
,24-Aug-2019 17:15:00,B1.ASGO.PFE 1,G3,999.0,1001.0,999.0,483,485,483,996.0,1002.0,999.0,NO DATA,NO DATA,1.0,NO DATA,NO DATA,12,NO DATA,NO DATA,NO DATA,NO DATA,NO DATA,NO DATA,NO DATA,NO DATA,NO DATA
,24-Aug-2019 17:15:00,B1.ASGO.PFE 1.Converter1,G3,999.0,1000.0,999.0,270,271,270,NO DATA,NO DATA,NO DATA,NO DATA,NO DATA,NO DATA,NO DATA,NO DATA,NO DATA,NO DATA,NO DATA,NO DATA,NO DATA,NO DATA,NO DATA,27,28,27
,24-Aug-2019 17:15:00,B1.ASGO.PFE 1.Converter2,G3,999.0,1001.0,1000.0,266,267,266,NO DATA,NO DATA,NO DATA,NO DATA,NO DATA,NO DATA,NO DATA,NO DATA,NO DATA,NO DATA,NO DATA,NO DATA,NO DATA,NO DATA,NO DATA,35,38,36
,24-Aug-2019 17:15:00,T2.NZMA.PFE 1,G4,1000.0,1001.0,1000.0,5118,5119,5118,1000.0,1001.0,1000.0,0.0,1.0,0.0,12,13,12,990.0,992.0,991.0,0.0,0.0,0.0,NO DATA,NO DATA,NO DATA
,24-Aug-2019 17:15:00,T2.NZMA.PFE 1.Converter1,G4,999.0,1000.0,999.0,1041,1045,1043,NO DATA,NO DATA,NO DATA,NO DATA,NO DATA,NO DATA,NO DATA,NO DATA,NO DATA,NO DATA,NO DATA,NO DATA,NO DATA,NO DATA,NO DATA,42,45,43
,24-Aug-2019 17:15:00,T2.NZMA.PFE 1.Converter2,G4,999.0,1000.0,999.0,1052,1055,1052,NO DATA,NO DATA,NO DATA,NO DATA,NO DATA,NO DATA,NO DATA,NO DATA,NO DATA,NO DATA,NO DATA,NO DATA,NO DATA,NO DATA,NO DATA,42,45,43
,24-Aug-2019 17:15:00,T2.NZMA.PFE 1.Converter3,G4,1000.0,1001.0,1000.0,1025,1028,1026,NO DATA,NO DATA,NO DATA,NO DATA,NO DATA,NO DATA,NO DATA,NO DATA,NO DATA,NO DATA,NO DATA,NO DATA,NO DATA,NO DATA,NO DATA,42,45,43
,24-Aug-2019 17:15:00,T2.NZMA.PFE 1.Converter4,G4,1000.0,1001.0,1000.0,999,1000,999,NO DATA,NO DATA,NO DATA,NO DATA,NO DATA,NO DATA,NO DATA,NO DATA,NO DATA,NO DATA,NO DATA,NO DATA,NO DATA,NO DATA,NO DATA,42,45,43
,24-Aug-2019 17:15:00,T2.NZMA.PFE 1.Converter5,G4,999.0,1000.0,999.0,1070,1072,1070,NO DATA,NO DATA,NO DATA,NO DATA,NO DATA,NO DATA,NO DATA,NO DATA,NO DATA,NO DATA,NO DATA,NO DATA,NO DATA,NO DATA,NO DATA,42,45,43
,24-Aug-2019 17:15:00,T3.AUSY.PFE 1,G3,999.0,1001.0,999.0,2504,2505,2504,995.0,1003.0,998.0,NO DATA,NO DATA,1.0,NO DATA,NO DATA,13,NO DATA,NO DATA,NO DATA,NO DATA,NO DATA,NO DATA,NO DATA,NO DATA,NO DATA
,24-Aug-2019 17:15:00,T3.AUSY.PFE 1.Converter1,G3,999.0,1000.0,999.0,1260,1261,1260,NO DATA,NO DATA,NO DATA,NO DATA,NO DATA,NO DATA,NO DATA,NO DATA,NO DATA,NO DATA,NO DATA,NO DATA,NO DATA,NO DATA,NO DATA,39,42,40
,24-Aug-2019 17:15:00,T3.AUSY.PFE 1.Converter2,G3,999.0,1000.0,999.0,1294,1296,1295,NO DATA,NO DATA,NO DATA,NO DATA,NO DATA,NO DATA,NO DATA,NO DATA,NO DATA,NO DATA,NO DATA,NO DATA,NO DATA,NO DATA,NO DATA,37,38,37
,24-Aug-2019 17:15:00,T4.USPA.PFE 1,G4,998.0,1000.0,998.0,5262,5265,5262,998.0,1000.0,998.0,1.0,2.0,1.0,73,96,84,956.0,957.0,956.0,0.0,0.0,0.0,NO DATA,NO DATA,NO DATA
,24-Aug-2019 17:15:00,T4.USPA.PFE 1.Converter1,G4,998.0,999.0,998.0,1772,1774,1772,NO DATA,NO DATA,NO DATA,NO DATA,NO DATA,NO DATA,NO DATA,NO DATA,NO DATA,NO DATA,NO DATA,NO DATA,NO DATA,NO DATA,NO DATA,42,44,43
,24-Aug-2019 17:15:00,T4.USPA.PFE 1.Converter2,G4,997.0,999.0,998.0,1737,1740,1738,NO DATA,NO DATA,NO DATA,NO DATA,NO DATA,NO DATA,NO DATA,NO DATA,NO DATA,NO DATA,NO DATA,NO DATA,NO DATA,NO DATA,NO DATA,42,43,42
,24-Aug-2019 17:15:00,T4.USPA.PFE 1.Converter3,G4,997.0,998.0,997.0,1805,1808,1806,NO DATA,NO DATA,NO DATA,NO DATA,NO DATA,NO DATA,NO DATA,NO DATA,NO DATA,NO DATA,NO DATA,NO DATA,NO DATA,NO DATA,NO DATA,42,45,43
,24-Aug-2019 17:15:00,T5.HIKA.PFE 1,G4,1000.0,1000.0,1000.0,5088,5089,5088,1000.0,1000.0,1000.0,0.0,1.0,0.0,11,13,11,992.0,993.0,992.0,0.0,0.0,0.0,NO DATA,NO DATA,NO DATA
,24-Aug-2019 17:15:00,T5.HIKA.PFE 1.Converter1,G4,1000.0,1000.0,1000.0,1000,1002,1001,NO DATA,NO DATA,NO DATA,NO DATA,NO DATA,NO DATA,NO DATA,NO DATA,NO DATA,NO DATA,NO DATA,NO DATA,NO DATA,NO DATA,NO DATA,42,45,43
,24-Aug-2019 17:15:00,T5.HIKA.PFE 1.Converter2,G4,999.0,1000.0,999.0,1089,1091,1090,NO DATA,NO DATA,NO DATA,NO DATA,NO DATA,NO DATA,NO DATA,NO DATA,NO DATA,NO DATA,NO DATA,NO DATA,NO DATA,NO DATA,NO DATA,44,45,44
,24-Aug-2019 17:15:00,T5.HIKA.PFE 1.Converter3,G4,1000.0,1000.0,1000.0,1067,1071,1067,NO DATA,NO DATA,NO DATA,NO DATA,NO DATA,NO DATA,NO DATA,NO DATA,NO DATA,NO DATA,NO DATA,NO DATA,NO DATA,NO DATA,NO DATA,43,44,43
,24-Aug-2019 17:15:00,T5.HIKA.PFE 1.Converter4,G4,999.0,1000.0,999.0,1002,1006,1004,NO DATA,NO DATA,NO DATA,NO DATA,NO DATA,NO DATA,NO DATA,NO DATA,NO DATA,NO DATA,NO DATA,NO DATA,NO DATA,NO DATA,NO DATA,43,44,43
,24-Aug-2019 17:15:00,T5.HIKA.PFE 1.Converter5,G4,999.0,1000.0,999.0,1001,1002,1001,NO DATA,NO DATA,NO DATA,NO DATA,NO DATA,NO DATA,NO DATA,NO DATA,NO DATA,NO DATA,NO DATA,NO DATA,NO DATA,NO DATA,NO DATA,44,45,44
,24-Aug-2019 17:30:00,B1.ASGO.PFE 1,G3,999.0,1001.0,999.0,483,485,483,996.0,1002.0,999.0,NO DATA,NO DATA,1.0,NO DATA,NO DATA,12,NO DATA,NO DATA,NO DATA,NO DATA,NO DATA,NO DATA,NO DATA,NO DATA,NO DATA
,24-Aug-2019 17:30:00,B1.ASGO.PFE 1.Converter1,G3,999.0,1000.0,999.0,270,271,270,NO DATA,NO DATA,NO DATA,NO DATA,NO DATA,NO DATA,NO DATA,NO DATA,NO DATA,NO DATA,NO DATA,NO DATA,NO DATA,NO DATA,NO DATA,28,29,28
,24-Aug-2019 17:30:00,B1.ASGO.PFE 1.Converter2,G3,999.0,1001.0,1000.0,265,267,265,NO DATA,NO DATA,NO DATA,NO DATA,NO DATA,NO DATA,NO DATA,NO DATA,NO DATA,NO DATA,NO DATA,NO DATA,NO DATA,NO DATA,NO DATA,36,39,37
,24-Aug-2019 17:30:00,T2.NZMA.PFE 1,G4,1000.0,1001.0,1000.0,5117,5118,5117,1000.0,1001.0,1000.0,0.0,1.0,0.0,12,13,12,990.0,992.0,991.0,0.0,0.0,0.0,NO DATA,NO DATA,NO DATA
,24-Aug-2019 17:30:00,T2.NZMA.PFE 1.Converter1,G4,999.0,1000.0,999.0,1041,1045,1042,NO DATA,NO DATA,NO DATA,NO DATA,NO DATA,NO DATA,NO DATA,NO DATA,NO DATA,NO DATA,NO DATA,NO DATA,NO DATA,NO DATA,NO DATA,42,45,43
,24-Aug-2019 17:30:00,T2.NZMA.PFE 1.Converter2,G4,999.0,1000.0,999.0,1052,1053,1052,NO DATA,NO DATA,NO DATA,NO DATA,NO DATA,NO DATA,NO DATA,NO DATA,NO DATA,NO DATA,NO DATA,NO DATA,NO DATA,NO DATA,NO DATA,42,44,43
,24-Aug-2019 17:30:00,T2.NZMA.PFE 1.Converter3,G4,1000.0,1001.0,1000.0,1025,1028,1026,NO DATA,NO DATA,NO DATA,NO DATA,NO DATA,NO DATA,NO DATA,NO DATA,NO DATA,NO DATA,NO DATA,NO DATA,NO DATA,NO DATA,NO DATA,42,44,43
,24-Aug-2019 17:30:00,T2.NZMA.PFE 1.Converter4,G4,1000.0,1001.0,1000.0,999,1000,999,NO DATA,NO DATA,NO DATA,NO DATA,NO DATA,NO DATA,NO DATA,NO DATA,NO DATA,NO DATA,NO DATA,NO DATA,NO DATA,NO DATA,NO DATA,42,45,43
,24-Aug-2019 17:30:00,T2.NZMA.PFE 1.Converter5,G4,999.0,1000.0,999.0,1070,1073,1071,NO DATA,NO DATA,NO DATA,NO DATA,NO DATA,NO DATA,NO DATA,NO DATA,NO DATA,NO DATA,NO DATA,NO DATA,NO DATA,NO DATA,NO DATA,42,44,43
,24-Aug-2019 17:30:00,T3.AUSY.PFE 1,G3,999.0,1001.0,999.0,2504,2505,2504,995.0,1004.0,998.0,NO DATA,NO DATA,1.0,NO DATA,NO DATA,13,NO DATA,NO DATA,NO DATA,NO DATA,NO DATA,NO DATA,NO DATA,NO DATA,NO DATA
,24-Aug-2019 17:30:00,T3.AUSY.PFE 1.Converter1,G3,999.0,1000.0,999.0,1260,1261,1260,NO DATA,NO DATA,NO DATA,NO DATA,NO DATA,NO DATA,NO DATA,NO DATA,NO DATA,NO DATA,NO DATA,NO DATA,NO DATA,NO DATA,NO DATA,39,42,40
,24-Aug-2019 17:30:00,T3.AUSY.PFE 1.Converter2,G3,999.0,1000.0,999.0,1295,1296,1295,NO DATA,NO DATA,NO DATA,NO DATA,NO DATA,NO DATA,NO DATA,NO DATA,NO DATA,NO DATA,NO DATA,NO DATA,NO DATA,NO DATA,NO DATA,37,38,37
,24-Aug-2019 17:30:00,T4.USPA.PFE 1,G4,998.0,1000.0,998.0,5262,5264,5262,998.0,1000.0,998.0,1.0,2.0,1.0,73,96,84,956.0,957.0,956.0,0.0,0.0,0.0,NO DATA,NO DATA,NO DATA
,24-Aug-2019 17:30:00,T4.USPA.PFE 1.Converter1,G4,997.0,1000.0,998.0,1772,1774,1772,NO DATA,NO DATA,NO DATA,NO DATA,NO DATA,NO DATA,NO DATA,NO DATA,NO DATA,NO DATA,NO DATA,NO DATA,NO DATA,NO DATA,NO DATA,42,44,43
,24-Aug-2019 17:30:00,T4.USPA.PFE 1.Converter2,G4,997.0,999.0,998.0,1737,1740,1738,NO DATA,NO DATA,NO DATA,NO DATA,NO DATA,NO DATA,NO DATA,NO DATA,NO DATA,NO DATA,NO DATA,NO DATA,NO DATA,NO DATA,NO DATA,42,43,42
,24-Aug-2019 17:30:00,T4.USPA.PFE 1.Converter3,G4,997.0,999.0,997.0,1805,1808,1806,NO DATA,NO DATA,NO DATA,NO DATA,NO DATA,NO DATA,NO DATA,NO DATA,NO DATA,NO DATA,NO DATA,NO DATA,NO DATA,NO DATA,NO DATA,42,45,43
,24-Aug-2019 17:30:00,T5.HIKA.PFE 1,G4,1000.0,1000.0,1000.0,5089,5090,5089,1000.0,1000.0,1000.0,0.0,2.0,0.0,11,13,11,992.0,993.0,992.0,0.0,0.0,0.0,NO DATA,NO DATA,NO DATA
,24-Aug-2019 17:30:00,T5.HIKA.PFE 1.Converter1,G4,1000.0,1000.0,1000.0,1000,1002,1001,NO DATA,NO DATA,NO DATA,NO DATA,NO DATA,NO DATA,NO DATA,NO DATA,NO DATA,NO DATA,NO DATA,NO DATA,NO DATA,NO DATA,NO DATA,42,45,43
,24-Aug-2019 17:30:00,T5.HIKA.PFE 1.Converter2,G4,999.0,1000.0,999.0,1090,1091,1090,NO DATA,NO DATA,NO DATA,NO DATA,NO DATA,NO DATA,NO DATA,NO DATA,NO DATA,NO DATA,NO DATA,NO DATA,NO DATA,NO DATA,NO DATA,44,45,44
,24-Aug-2019 17:30:00,T5.HIKA.PFE 1.Converter3,G4,1000.0,1000.0,1000.0,1067,1070,1067,NO DATA,NO DATA,NO DATA,NO DATA,NO DATA,NO DATA,NO DATA,NO DATA,NO DATA,NO DATA,NO DATA,NO DATA,NO DATA,NO DATA,NO DATA,43,44,43
,24-Aug-2019 17:30:00,T5.HIKA.PFE 1.Converter4,G4,999.0,1000.0,999.0,1002,1006,1004,NO DATA,NO DATA,NO DATA,NO DATA,NO DATA,NO DATA,NO DATA,NO DATA,NO DATA,NO DATA,NO DATA,NO DATA,NO DATA,NO DATA,NO DATA,43,45,43
,24-Aug-2019 17:30:00,T5.HIKA.PFE 1.Converter5,G4,999.0,1000.0,999.0,1001,1002,1001,NO DATA,NO DATA,NO DATA,NO DATA,NO DATA,NO DATA,NO DATA,NO DATA,NO DATA,NO DATA,NO DATA,NO DATA,NO DATA,NO DATA,NO DATA,44,45,44
,24-Aug-2019 17:45:00,B1.ASGO.PFE 1,G3,999.0,1001.0,999.0,483,485,483,996.0,1003.0,999.0,NO DATA,NO DATA,1.0,NO DATA,NO DATA,12,NO DATA,NO DATA,NO DATA,NO DATA,NO DATA,NO DATA,NO DATA,NO DATA,NO DATA
,24-Aug-2019 17:45:00,B1.ASGO.PFE 1.Converter1,G3,999.0,1000.0,999.0,270,271,270,NO DATA,NO DATA,NO DATA,NO DATA,NO DATA,NO DATA,NO DATA,NO DATA,NO DATA,NO DATA,NO DATA,NO DATA,NO DATA,NO DATA,NO DATA,29,30,29
,24-Aug-2019 17:45:00,B1.ASGO.PFE 1.Converter2,G3,999.0,1001.0,1000.0,266,267,266,NO DATA,NO DATA,NO DATA,NO DATA,NO DATA,NO DATA,NO DATA,NO DATA,NO DATA,NO DATA,NO DATA,NO DATA,NO DATA,NO DATA,NO DATA,36,39,37
,24-Aug-2019 17:45:00,T2.NZMA.PFE 1,G4,1000.0,1001.0,1000.0,5116,5117,5116,1000.0,1001.0,1000.0,0.0,1.0,0.0,12,13,12,990.0,992.0,991.0,0.0,0.0,0.0,NO DATA,NO DATA,NO DATA
,24-Aug-2019 17:45:00,T2.NZMA.PFE 1.Converter1,G4,999.0,1000.0,999.0,1041,1045,1042,NO DATA,NO DATA,NO DATA,NO DATA,NO DATA,NO DATA,NO DATA,NO DATA,NO DATA,NO DATA,NO DATA,NO DATA,NO DATA,NO DATA,NO DATA,42,45,43
,24-Aug-2019 17:45:00,T2.NZMA.PFE 1.Converter2,G4,999.0,1000.0,999.0,1052,1053,1052,NO DATA,NO DATA,NO DATA,NO DATA,NO DATA,NO DATA,NO DATA,NO DATA,NO DATA,NO DATA,NO DATA,NO DATA,NO DATA,NO DATA,NO DATA,42,45,43
,24-Aug-2019 17:45:00,T2.NZMA.PFE 1.Converter3,G4,1000.0,1001.0,1000.0,1024,1028,1026,NO DATA,NO DATA,NO DATA,NO DATA,NO DATA,NO DATA,NO DATA,NO DATA,NO DATA,NO DATA,NO DATA,NO DATA,NO DATA,NO DATA,NO DATA,42,44,43
,24-Aug-2019 17:45:00,T2.NZMA.PFE 1.Converter4,G4,1000.0,1001.0,1000.0,999,1000,999,NO DATA,NO DATA,NO DATA,NO DATA,NO DATA,NO DATA,NO DATA,NO DATA,NO DATA,NO DATA,NO DATA,NO DATA,NO DATA,NO DATA,NO DATA,42,45,43
,24-Aug-2019 17:45:00,T2.NZMA.PFE 1.Converter5,G4,999.0,1000.0,999.0,1070,1073,1071,NO DATA,NO DATA,NO DATA,NO DATA,NO DATA,NO DATA,NO DATA,NO DATA,NO DATA,NO DATA,NO DATA,NO DATA,NO DATA,NO DATA,NO DATA,42,44,43
,24-Aug-2019 17:45:00,T3.AUSY.PFE 1,G3,999.0,1001.0,999.0,2504,2506,2504,995.0,1003.0,998.0,NO DATA,NO DATA,1.0,NO DATA,NO DATA,13,NO DATA,NO DATA,NO DATA,NO DATA,NO DATA,NO DATA,NO DATA,NO DATA,NO DATA
,24-Aug-2019 17:45:00,T3.AUSY.PFE 1.Converter1,G3,999.0,1000.0,999.0,1260,1261,1260,NO DATA,NO DATA,NO DATA,NO DATA,NO DATA,NO DATA,NO DATA,NO DATA,NO DATA,NO DATA,NO DATA,NO DATA,NO DATA,NO DATA,NO DATA,39,42,40
,24-Aug-2019 17:45:00,T3.AUSY.PFE 1.Converter2,G3,999.0,1000.0,999.0,1294,1296,1295,NO DATA,NO DATA,NO DATA,NO DATA,NO DATA,NO DATA,NO DATA,NO DATA,NO DATA,NO DATA,NO DATA,NO DATA,NO DATA,NO DATA,NO DATA,37,38,37
,24-Aug-2019 17:45:00,T4.USPA.PFE 1,G4,998.0,1000.0,998.0,5262,5263,5262,998.0,1000.0,998.0,1.0,2.0,1.0,73,96,84,955.0,957.0,956.0,0.0,0.0,0.0,NO DATA,NO DATA,NO DATA
,24-Aug-2019 17:45:00,T4.USPA.PFE 1.Converter1,G4,998.0,999.0,998.0,1772,1774,1772,NO DATA,NO DATA,NO DATA,NO DATA,NO DATA,NO DATA,NO DATA,NO DATA,NO DATA,NO DATA,NO DATA,NO DATA,NO DATA,NO DATA,NO DATA,42,44,43
,24-Aug-2019 17:45:00,T4.USPA.PFE 1.Converter2,G4,997.0,999.0,998.0,1737,1740,1738,NO DATA,NO DATA,NO DATA,NO DATA,NO DATA,NO DATA,NO DATA,NO DATA,NO DATA,NO DATA,NO DATA,NO DATA,NO DATA,NO DATA,NO DATA,42,43,42
,24-Aug-2019 17:45:00,T4.USPA.PFE 1.Converter3,G4,997.0,998.0,997.0,1805,1807,1806,NO DATA,NO DATA,NO DATA,NO DATA,NO DATA,NO DATA,NO DATA,NO DATA,NO DATA,NO DATA,NO DATA,NO DATA,NO DATA,NO DATA,NO DATA,42,45,43
,24-Aug-2019 17:45:00,T5.HIKA.PFE 1,G4,1000.0,1000.0,1000.0,5090,5092,5091,1000.0,1000.0,1000.0,0.0,1.0,0.0,11,13,11,992.0,993.0,992.0,0.0,0.0,0.0,NO DATA,NO DATA,NO DATA
,24-Aug-2019 17:45:00,T5.HIKA.PFE 1.Converter1,G4,1000.0,1000.0,1000.0,1000,1002,1001,NO DATA,NO DATA,NO DATA,NO DATA,NO DATA,NO DATA,NO DATA,NO DATA,NO DATA,NO DATA,NO DATA,NO DATA,NO DATA,NO DATA,NO DATA,42,45,43
,24-Aug-2019 17:45:00,T5.HIKA.PFE 1.Converter2,G4,999.0,1000.0,999.0,1090,1091,1090,NO DATA,NO DATA,NO DATA,NO DATA,NO DATA,NO DATA,NO DATA,NO DATA,NO DATA,NO DATA,NO DATA,NO DATA,NO DATA,NO DATA,NO DATA,44,46,45
,24-Aug-2019 17:45:00,T5.HIKA.PFE 1.Converter3,G4,1000.0,1000.0,1000.0,1067,1070,1067,NO DATA,NO DATA,NO DATA,NO DATA,NO DATA,NO DATA,NO DATA,NO DATA,NO DATA,NO DATA,NO DATA,NO DATA,NO DATA,NO DATA,NO DATA,43,45,43
,24-Aug-2019 17:45:00,T5.HIKA.PFE 1.Converter4,G4,999.0,1000.0,999.0,1004,1007,1005,NO DATA,NO DATA,NO DATA,NO DATA,NO DATA,NO DATA,NO DATA,NO DATA,NO DATA,NO DATA,NO DATA,NO DATA,NO DATA,NO DATA,NO DATA,43,45,44
,24-Aug-2019 17:45:00,T5.HIKA.PFE 1.Converter5,G4,999.0,1000.0,999.0,1001,1002,1001,NO DATA,NO DATA,NO DATA,NO DATA,NO DATA,NO DATA,NO DATA,NO DATA,NO DATA,NO DATA,NO DATA,NO DATA,NO DATA,NO DATA,NO DATA,44,45,44
,24-Aug-2019 18:00:00,B1.ASGO.PFE 1,G3,999.0,1001.0,999.0,483,485,483,996.0,1002.0,999.0,NO DATA,NO DATA,1.0,NO DATA,NO DATA,12,NO DATA,NO DATA,NO DATA,NO DATA,NO DATA,NO DATA,NO DATA,NO DATA,NO DATA
,24-Aug-2019 18:00:00,B1.ASGO.PFE 1.Converter1,G3,999.0,1000.0,999.0,270,271,270,NO DATA,NO DATA,NO DATA,NO DATA,NO DATA,NO DATA,NO DATA,NO DATA,NO DATA,NO DATA,NO DATA,NO DATA,NO DATA,NO DATA,NO DATA,29,30,29
,24-Aug-2019 18:00:00,B1.ASGO.PFE 1.Converter2,G3,999.0,1001.0,1000.0,265,267,266,NO DATA,NO DATA,NO DATA,NO DATA,NO DATA,NO DATA,NO DATA,NO DATA,NO DATA,NO DATA,NO DATA,NO DATA,NO DATA,NO DATA,NO DATA,37,39,38
,24-Aug-2019 18:00:00,T2.NZMA.PFE 1,G4,1000.0,1001.0,1000.0,5115,5116,5115,1000.0,1001.0,1000.0,0.0,1.0,0.0,12,13,12,990.0,992.0,991.0,0.0,0.0,0.0,NO DATA,NO DATA,NO DATA
,24-Aug-2019 18:00:00,T2.NZMA.PFE 1.Converter1,G4,999.0,1000.0,999.0,1041,1045,1042,NO DATA,NO DATA,NO DATA,NO DATA,NO DATA,NO DATA,NO DATA,NO DATA,NO DATA,NO DATA,NO DATA,NO DATA,NO DATA,NO DATA,NO DATA,42,45,43
,24-Aug-2019 18:00:00,T2.NZMA.PFE 1.Converter2,G4,999.0,1000.0,999.0,1052,1053,1052,NO DATA,NO DATA,NO DATA,NO DATA,NO DATA,NO DATA,NO DATA,NO DATA,NO DATA,NO DATA,NO DATA,NO DATA,NO DATA,NO DATA,NO DATA,42,45,43
,24-Aug-2019 18:00:00,T2.NZMA.PFE 1.Converter3,G4,1000.0,1001.0,1000.0,1023,1027,1025,NO DATA,NO DATA,NO DATA,NO DATA,NO DATA,NO DATA,NO DATA,NO DATA,NO DATA,NO DATA,NO DATA,NO DATA,NO DATA,NO DATA,NO DATA,42,45,43
,24-Aug-2019 18:00:00,T2.NZMA.PFE 1.Converter4,G4,1000.0,1001.0,1000.0,999,1000,999,NO DATA,NO DATA,NO DATA,NO DATA,NO DATA,NO DATA,NO DATA,NO DATA,NO DATA,NO DATA,NO DATA,NO DATA,NO DATA,NO DATA,NO DATA,42,45,43
,24-Aug-2019 18:00:00,T2.NZMA.PFE 1.Converter5,G4,999.0,1000.0,999.0,1070,1072,1070,NO DATA,NO DATA,NO DATA,NO DATA,NO DATA,NO DATA,NO DATA,NO DATA,NO DATA,NO DATA,NO DATA,NO DATA,NO DATA,NO DATA,NO DATA,42,45,43
,24-Aug-2019 18:00:00,T3.AUSY.PFE 1,G3,999.0,1001.0,1000.0,2504,2505,2504,995.0,1003.0,998.0,NO DATA,NO DATA,1.0,NO DATA,NO DATA,13,NO DATA,NO DATA,NO DATA,NO DATA,NO DATA,NO DATA,NO DATA,NO DATA,NO DATA
,24-Aug-2019 18:00:00,T3.AUSY.PFE 1.Converter1,G3,999.0,1000.0,999.0,1259,1261,1260,NO DATA,NO DATA,NO DATA,NO DATA,NO DATA,NO DATA,NO DATA,NO DATA,NO DATA,NO DATA,NO DATA,NO DATA,NO DATA,NO DATA,NO DATA,39,42,40
,24-Aug-2019 18:00:00,T3.AUSY.PFE 1.Converter2,G3,999.0,1000.0,999.0,1294,1296,1295,NO DATA,NO DATA,NO DATA,NO DATA,NO DATA,NO DATA,NO DATA,NO DATA,NO DATA,NO DATA,NO DATA,NO DATA,NO DATA,NO DATA,NO DATA,37,38,37
,24-Aug-2019 18:00:00,T4.USPA.PFE 1,G4,998.0,1000.0,998.0,5262,5263,5262,998.0,1000.0,998.0,1.0,2.0,1.0,72,97,84,956.0,957.0,956.0,0.0,0.0,0.0,NO DATA,NO DATA,NO DATA
,24-Aug-2019 18:00:00,T4.USPA.PFE 1.Converter1,G4,997.0,999.0,998.0,1772,1774,1772,NO DATA,NO DATA,NO DATA,NO DATA,NO DATA,NO DATA,NO DATA,NO DATA,NO DATA,NO DATA,NO DATA,NO DATA,NO DATA,NO DATA,NO DATA,42,44,43
,24-Aug-2019 18:00:00,T4.USPA.PFE 1.Converter2,G4,997.0,999.0,998.0,1737,1740,1738,NO DATA,NO DATA,NO DATA,NO DATA,NO DATA,NO DATA,NO DATA,NO DATA,NO DATA,NO DATA,NO DATA,NO DATA,NO DATA,NO DATA,NO DATA,42,43,42
,24-Aug-2019 18:00:00,T4.USPA.PFE 1.Converter3,G4,997.0,998.0,997.0,1805,1808,1806,NO DATA,NO DATA,NO DATA,NO DATA,NO DATA,NO DATA,NO DATA,NO DATA,NO DATA,NO DATA,NO DATA,NO DATA,NO DATA,NO DATA,NO DATA,42,45,43
,24-Aug-2019 18:00:00,T5.HIKA.PFE 1,G4,1000.0,1000.0,1000.0,5091,5092,5091,1000.0,1000.0,1000.0,0.0,1.0,0.0,11,13,11,992.0,993.0,992.0,0.0,0.0,0.0,NO DATA,NO DATA,NO DATA
,24-Aug-2019 18:00:00,T5.HIKA.PFE 1.Converter1,G4,1000.0,1000.0,1000.0,1001,1002,1001,NO DATA,NO DATA,NO DATA,NO DATA,NO DATA,NO DATA,NO DATA,NO DATA,NO DATA,NO DATA,NO DATA,NO DATA,NO DATA,NO DATA,NO DATA,42,45,43
,24-Aug-2019 18:00:00,T5.HIKA.PFE 1.Converter2,G4,999.0,1000.0,999.0,1090,1091,1090,NO DATA,NO DATA,NO DATA,NO DATA,NO DATA,NO DATA,NO DATA,NO DATA,NO DATA,NO DATA,NO DATA,NO DATA,NO DATA,NO DATA,NO DATA,44,46,45
,24-Aug-2019 18:00:00,T5.HIKA.PFE 1.Converter3,G4,1000.0,1000.0,1000.0,1067,1071,1067,NO DATA,NO DATA,NO DATA,NO DATA,NO DATA,NO DATA,NO DATA,NO DATA,NO DATA,NO DATA,NO DATA,NO DATA,NO DATA,NO DATA,NO DATA,43,45,44
,24-Aug-2019 18:00:00,T5.HIKA.PFE 1.Converter4,G4,999.0,1000.0,999.0,1004,1007,1006,NO DATA,NO DATA,NO DATA,NO DATA,NO DATA,NO DATA,NO DATA,NO DATA,NO DATA,NO DATA,NO DATA,NO DATA,NO DATA,NO DATA,NO DATA,44,45,44
,24-Aug-2019 18:00:00,T5.HIKA.PFE 1.Converter5,G4,999.0,1000.0,999.0,1001,1002,1001,NO DATA,NO DATA,NO DATA,NO DATA,NO DATA,NO DATA,NO DATA,NO DATA,NO DATA,NO DATA,NO DATA,NO DATA,NO DATA,NO DATA,NO DATA,45,46,45
,24-Aug-2019 18:15:00,B1.ASGO.PFE 1,G3,999.0,1001.0,999.0,483,485,484,996.0,1002.0,999.0,NO DATA,NO DATA,1.0,NO DATA,NO DATA,12,NO DATA,NO DATA,NO DATA,NO DATA,NO DATA,NO DATA,NO DATA,NO DATA,NO DATA
,24-Aug-2019 18:15:00,B1.ASGO.PFE 1.Converter1,G3,999.0,1000.0,999.0,270,271,270,NO DATA,NO DATA,NO DATA,NO DATA,NO DATA,NO DATA,NO DATA,NO DATA,NO DATA,NO DATA,NO DATA,NO DATA,NO DATA,NO DATA,NO DATA,29,30,29
,24-Aug-2019 18:15:00,B1.ASGO.PFE 1.Converter2,G3,999.0,1001.0,1000.0,266,267,266,NO DATA,NO DATA,NO DATA,NO DATA,NO DATA,NO DATA,NO DATA,NO DATA,NO DATA,NO DATA,NO DATA,NO DATA,NO DATA,NO DATA,NO DATA,37,39,38
,24-Aug-2019 18:15:00,T2.NZMA.PFE 1,G4,1000.0,1001.0,1000.0,5116,5117,5116,1000.0,1001.0,1000.0,0.0,1.0,0.0,12,13,12,990.0,992.0,991.0,0.0,0.0,0.0,NO DATA,NO DATA,NO DATA
,24-Aug-2019 18:15:00,T2.NZMA.PFE 1.Converter1,G4,999.0,1000.0,999.0,1041,1045,1042,NO DATA,NO DATA,NO DATA,NO DATA,NO DATA,NO DATA,NO DATA,NO DATA,NO DATA,NO DATA,NO DATA,NO DATA,NO DATA,NO DATA,NO DATA,42,45,43
,24-Aug-2019 18:15:00,T2.NZMA.PFE 1.Converter2,G4,999.0,1000.0,999.0,1052,1053,1052,NO DATA,NO DATA,NO DATA,NO DATA,NO DATA,NO DATA,NO DATA,NO DATA,NO DATA,NO DATA,NO DATA,NO DATA,NO DATA,NO DATA,NO DATA,42,44,43
,24-Aug-2019 18:15:00,T2.NZMA.PFE 1.Converter3,G4,1000.0,1001.0,1000.0,1023,1027,1025,NO DATA,NO DATA,NO DATA,NO DATA,NO DATA,NO DATA,NO DATA,NO DATA,NO DATA,NO DATA,NO DATA,NO DATA,NO DATA,NO DATA,NO DATA,42,44,43
,24-Aug-2019 18:15:00,T2.NZMA.PFE 1.Converter4,G4,1000.0,1001.0,1000.0,999,1000,999,NO DATA,NO DATA,NO DATA,NO DATA,NO DATA,NO DATA,NO DATA,NO DATA,NO DATA,NO DATA,NO DATA,NO DATA,NO DATA,NO DATA,NO DATA,42,44,43
,24-Aug-2019 18:15:00,T2.NZMA.PFE 1.Converter5,G4,999.0,1000.0,999.0,1070,1074,1071,NO DATA,NO DATA,NO DATA,NO DATA,NO DATA,NO DATA,NO DATA,NO DATA,NO DATA,NO DATA,NO DATA,NO DATA,NO DATA,NO DATA,NO DATA,42,44,43
,24-Aug-2019 18:15:00,T3.AUSY.PFE 1,G3,999.0,1001.0,999.0,2504,2505,2504,994.0,1003.0,998.0,NO DATA,NO DATA,1.0,NO DATA,NO DATA,13,NO DATA,NO DATA,NO DATA,NO DATA,NO DATA,NO DATA,NO DATA,NO DATA,NO DATA
,24-Aug-2019 18:15:00,T3.AUSY.PFE 1.Converter1,G3,999.0,1000.0,999.0,1260,1261,1260,NO DATA,NO DATA,NO DATA,NO DATA,NO DATA,NO DATA,NO DATA,NO DATA,NO DATA,NO DATA,NO DATA,NO DATA,NO DATA,NO DATA,NO DATA,39,42,40
,24-Aug-2019 18:15:00,T3.AUSY.PFE 1.Converter2,G3,999.0,1000.0,999.0,1294,1296,1295,NO DATA,NO DATA,NO DATA,NO DATA,NO DATA,NO DATA,NO DATA,NO DATA,NO DATA,NO DATA,NO DATA,NO DATA,NO DATA,NO DATA,NO DATA,37,38,37
,24-Aug-2019 18:15:00,T4.USPA.PFE 1,G4,998.0,1000.0,998.0,5262,5263,5262,998.0,1000.0,998.0,1.0,2.0,1.0,72,97,84,955.0,957.0,956.0,0.0,0.0,0.0,NO DATA,NO DATA,NO DATA
,24-Aug-2019 18:15:00,T4.USPA.PFE 1.Converter1,G4,998.0,999.0,998.0,1771,1774,1772,NO DATA,NO DATA,NO DATA,NO DATA,NO DATA,NO DATA,NO DATA,NO DATA,NO DATA,NO DATA,NO DATA,NO DATA,NO DATA,NO DATA,NO DATA,42,44,43
,24-Aug-2019 18:15:00,T4.USPA.PFE 1.Converter2,G4,997.0,999.0,998.0,1737,1740,1738,NO DATA,NO DATA,NO DATA,NO DATA,NO DATA,NO DATA,NO DATA,NO DATA,NO DATA,NO DATA,NO DATA,NO DATA,NO DATA,NO DATA,NO DATA,42,43,42
,24-Aug-2019 18:15:00,T4.USPA.PFE 1.Converter3,G4,997.0,998.0,997.0,1806,1808,1806,NO DATA,NO DATA,NO DATA,NO DATA,NO DATA,NO DATA,NO DATA,NO DATA,NO DATA,NO DATA,NO DATA,NO DATA,NO DATA,NO DATA,NO DATA,42,45,43
,24-Aug-2019 18:15:00,T5.HIKA.PFE 1,G4,1000.0,1000.0,1000.0,5091,5092,5091,1000.0,1000.0,1000.0,0.0,1.0,0.0,11,13,11,992.0,993.0,992.0,0.0,0.0,0.0,NO DATA,NO DATA,NO DATA
,24-Aug-2019 18:15:00,T5.HIKA.PFE 1.Converter1,G4,1000.0,1000.0,1000.0,1000,1002,1001,NO DATA,NO DATA,NO DATA,NO DATA,NO DATA,NO DATA,NO DATA,NO DATA,NO DATA,NO DATA,NO DATA,NO DATA,NO DATA,NO DATA,NO DATA,43,45,43
,24-Aug-2019 18:15:00,T5.HIKA.PFE 1.Converter2,G4,999.0,1000.0,999.0,1090,1091,1090,NO DATA,NO DATA,NO DATA,NO DATA,NO DATA,NO DATA,NO DATA,NO DATA,NO DATA,NO DATA,NO DATA,NO DATA,NO DATA,NO DATA,NO DATA,45,46,45
,24-Aug-2019 18:15:00,T5.HIKA.PFE 1.Converter3,G4,1000.0,1000.0,1000.0,1067,1069,1067,NO DATA,NO DATA,NO DATA,NO DATA,NO DATA,NO DATA,NO DATA,NO DATA,NO DATA,NO DATA,NO DATA,NO DATA,NO DATA,NO DATA,NO DATA,44,45,44
,24-Aug-2019 18:15:00,T5.HIKA.PFE 1.Converter4,G4,999.0,1000.0,999.0,1005,1008,1006,NO DATA,NO DATA,NO DATA,NO DATA,NO DATA,NO DATA,NO DATA,NO DATA,NO DATA,NO DATA,NO DATA,NO DATA,NO DATA,NO DATA,NO DATA,44,45,44
,24-Aug-2019 18:15:00,T5.HIKA.PFE 1.Converter5,G4,999.0,1000.0,999.0,1001,1002,1001,NO DATA,NO DATA,NO DATA,NO DATA,NO DATA,NO DATA,NO DATA,NO DATA,NO DATA,NO DATA,NO DATA,NO DATA,NO DATA,NO DATA,NO DATA,45,46,45
,24-Aug-2019 18:30:00,B1.ASGO.PFE 1,G3,999.0,1001.0,999.0,483,485,484,996.0,1002.0,999.0,NO DATA,NO DATA,1.0,NO DATA,NO DATA,12,NO DATA,NO DATA,NO DATA,NO DATA,NO DATA,NO DATA,NO DATA,NO DATA,NO DATA
,24-Aug-2019 18:30:00,B1.ASGO.PFE 1.Converter1,G3,999.0,1000.0,999.0,270,271,270,NO DATA,NO DATA,NO DATA,NO DATA,NO DATA,NO DATA,NO DATA,NO DATA,NO DATA,NO DATA,NO DATA,NO DATA,NO DATA,NO DATA,NO DATA,30,30,30
,24-Aug-2019 18:30:00,B1.ASGO.PFE 1.Converter2,G3,999.0,1001.0,1000.0,265,267,266,NO DATA,NO DATA,NO DATA,NO DATA,NO DATA,NO DATA,NO DATA,NO DATA,NO DATA,NO DATA,NO DATA,NO DATA,NO DATA,NO DATA,NO DATA,37,39,38
,24-Aug-2019 18:30:00,T2.NZMA.PFE 1,G4,1000.0,1001.0,1000.0,5116,5117,5116,1000.0,1001.0,1000.0,0.0,1.0,0.0,12,13,12,990.0,992.0,991.0,0.0,0.0,0.0,NO DATA,NO DATA,NO DATA
,24-Aug-2019 18:30:00,T2.NZMA.PFE 1.Converter1,G4,999.0,1000.0,999.0,1041,1045,1042,NO DATA,NO DATA,NO DATA,NO DATA,NO DATA,NO DATA,NO DATA,NO DATA,NO DATA,NO DATA,NO DATA,NO DATA,NO DATA,NO DATA,NO DATA,42,45,43
,24-Aug-2019 18:30:00,T2.NZMA.PFE 1.Converter2,G4,999.0,1000.0,999.0,1052,1053,1052,NO DATA,NO DATA,NO DATA,NO DATA,NO DATA,NO DATA,NO DATA,NO DATA,NO DATA,NO DATA,NO DATA,NO DATA,NO DATA,NO DATA,NO DATA,42,44,43
,24-Aug-2019 18:30:00,T2.NZMA.PFE 1.Converter3,G4,1000.0,1001.0,1000.0,1024,1028,1026,NO DATA,NO DATA,NO DATA,NO DATA,NO DATA,NO DATA,NO DATA,NO DATA,NO DATA,NO DATA,NO DATA,NO DATA,NO DATA,NO DATA,NO DATA,42,44,43
,24-Aug-2019 18:30:00,T2.NZMA.PFE 1.Converter4,G4,1000.0,1001.0,1000.0,999,1000,999,NO DATA,NO DATA,NO DATA,NO DATA,NO DATA,NO DATA,NO DATA,NO DATA,NO DATA,NO DATA,NO DATA,NO DATA,NO DATA,NO DATA,NO DATA,42,45,43
,24-Aug-2019 18:30:00,T2.NZMA.PFE 1.Converter5,G4,999.0,1000.0,999.0,1070,1072,1070,NO DATA,NO DATA,NO DATA,NO DATA,NO DATA,NO DATA,NO DATA,NO DATA,NO DATA,NO DATA,NO DATA,NO DATA,NO DATA,NO DATA,NO DATA,42,45,43
,24-Aug-2019 18:30:00,T3.AUSY.PFE 1,G3,999.0,1001.0,999.0,2504,2505,2504,995.0,1004.0,998.0,NO DATA,NO DATA,1.0,NO DATA,NO DATA,13,NO DATA,NO DATA,NO DATA,NO DATA,NO DATA,NO DATA,NO DATA,NO DATA,NO DATA
,24-Aug-2019 18:30:00,T3.AUSY.PFE 1.Converter1,G3,999.0,1000.0,999.0,1259,1261,1260,NO DATA,NO DATA,NO DATA,NO DATA,NO DATA,NO DATA,NO DATA,NO DATA,NO DATA,NO DATA,NO DATA,NO DATA,NO DATA,NO DATA,NO DATA,39,42,40
,24-Aug-2019 18:30:00,T3.AUSY.PFE 1.Converter2,G3,999.0,1000.0,999.0,1295,1296,1295,NO DATA,NO DATA,NO DATA,NO DATA,NO DATA,NO DATA,NO DATA,NO DATA,NO DATA,NO DATA,NO DATA,NO DATA,NO DATA,NO DATA,NO DATA,37,38,37
,24-Aug-2019 18:30:00,T4.USPA.PFE 1,G4,998.0,1000.0,998.0,5262,5264,5263,998.0,1000.0,998.0,1.0,2.0,1.0,73,96,85,955.0,957.0,956.0,0.0,0.0,0.0,NO DATA,NO DATA,NO DATA
,24-Aug-2019 18:30:00,T4.USPA.PFE 1.Converter1,G4,998.0,999.0,998.0,1772,1774,1772,NO DATA,NO DATA,NO DATA,NO DATA,NO DATA,NO DATA,NO DATA,NO DATA,NO DATA,NO DATA,NO DATA,NO DATA,NO DATA,NO DATA,NO DATA,42,44,43
,24-Aug-2019 18:30:00,T4.USPA.PFE 1.Converter2,G4,997.0,999.0,998.0,1737,1741,1738,NO DATA,NO DATA,NO DATA,NO DATA,NO DATA,NO DATA,NO DATA,NO DATA,NO DATA,NO DATA,NO DATA,NO DATA,NO DATA,NO DATA,NO DATA,42,43,42
,24-Aug-2019 18:30:00,T4.USPA.PFE 1.Converter3,G4,997.0,998.0,997.0,1805,1808,1806,NO DATA,NO DATA,NO DATA,NO DATA,NO DATA,NO DATA,NO DATA,NO DATA,NO DATA,NO DATA,NO DATA,NO DATA,NO DATA,NO DATA,NO DATA,42,44,43
,24-Aug-2019 18:30:00,T5.HIKA.PFE 1,G4,1000.0,1000.0,1000.0,5090,5091,5090,1000.0,1000.0,1000.0,0.0,1.0,0.0,11,13,11,992.0,993.0,992.0,0.0,0.0,0.0,NO DATA,NO DATA,NO DATA
,24-Aug-2019 18:30:00,T5.HIKA.PFE 1.Converter1,G4,1000.0,1000.0,1000.0,1000,1002,1001,NO DATA,NO DATA,NO DATA,NO DATA,NO DATA,NO DATA,NO DATA,NO DATA,NO DATA,NO DATA,NO DATA,NO DATA,NO DATA,NO DATA,NO DATA,42,45,43
,24-Aug-2019 18:30:00,T5.HIKA.PFE 1.Converter2,G4,999.0,1000.0,999.0,1090,1091,1090,NO DATA,NO DATA,NO DATA,NO DATA,NO DATA,NO DATA,NO DATA,NO DATA,NO DATA,NO DATA,NO DATA,NO DATA,NO DATA,NO DATA,NO DATA,43,46,44
,24-Aug-2019 18:30:00,T5.HIKA.PFE 1.Converter3,G4,999.0,1000.0,999.0,1067,1069,1067,NO DATA,NO DATA,NO DATA,NO DATA,NO DATA,NO DATA,NO DATA,NO DATA,NO DATA,NO DATA,NO DATA,NO DATA,NO DATA,NO DATA,NO DATA,42,45,43
,24-Aug-2019 18:30:00,T5.HIKA.PFE 1.Converter4,G4,999.0,1000.0,999.0,1003,1007,1005,NO DATA,NO DATA,NO DATA,NO DATA,NO DATA,NO DATA,NO DATA,NO DATA,NO DATA,NO DATA,NO DATA,NO DATA,NO DATA,NO DATA,NO DATA,42,45,43
,24-Aug-2019 18:30:00,T5.HIKA.PFE 1.Converter5,G4,999.0,1000.0,999.0,1001,1002,1001,NO DATA,NO DATA,NO DATA,NO DATA,NO DATA,NO DATA,NO DATA,NO DATA,NO DATA,NO DATA,NO DATA,NO DATA,NO DATA,NO DATA,NO DATA,43,46,44
,24-Aug-2019 18:45:00,B1.ASGO.PFE 1,G3,999.0,1001.0,1000.0,483,485,483,996.0,1002.0,999.0,NO DATA,NO DATA,1.0,NO DATA,NO DATA,12,NO DATA,NO DATA,NO DATA,NO DATA,NO DATA,NO DATA,NO DATA,NO DATA,NO DATA
,24-Aug-2019 18:45:00,B1.ASGO.PFE 1.Converter1,G3,999.0,1000.0,999.0,270,271,270,NO DATA,NO DATA,NO DATA,NO DATA,NO DATA,NO DATA,NO DATA,NO DATA,NO DATA,NO DATA,NO DATA,NO DATA,NO DATA,NO DATA,NO DATA,30,31,30
,24-Aug-2019 18:45:00,B1.ASGO.PFE 1.Converter2,G3,999.0,1001.0,1000.0,265,267,265,NO DATA,NO DATA,NO DATA,NO DATA,NO DATA,NO DATA,NO DATA,NO DATA,NO DATA,NO DATA,NO DATA,NO DATA,NO DATA,NO DATA,NO DATA,37,40,38
,24-Aug-2019 18:45:00,T2.NZMA.PFE 1,G4,1000.0,1001.0,1000.0,5116,5118,5116,1000.0,1001.0,1000.0,0.0,1.0,0.0,12,13,12,990.0,992.0,991.0,0.0,0.0,0.0,NO DATA,NO DATA,NO DATA
,24-Aug-2019 18:45:00,T2.NZMA.PFE 1.Converter1,G4,999.0,1000.0,999.0,1041,1045,1042,NO DATA,NO DATA,NO DATA,NO DATA,NO DATA,NO DATA,NO DATA,NO DATA,NO DATA,NO DATA,NO DATA,NO DATA,NO DATA,NO DATA,NO DATA,42,45,43
,24-Aug-2019 18:45:00,T2.NZMA.PFE 1.Converter2,G4,999.0,1000.0,999.0,1052,1053,1052,NO DATA,NO DATA,NO DATA,NO DATA,NO DATA,NO DATA,NO DATA,NO DATA,NO DATA,NO DATA,NO DATA,NO DATA,NO DATA,NO DATA,NO DATA,42,44,43
,24-Aug-2019 18:45:00,T2.NZMA.PFE 1.Converter3,G4,1000.0,1001.0,1000.0,1025,1028,1026,NO DATA,NO DATA,NO DATA,NO DATA,NO DATA,NO DATA,NO DATA,NO DATA,NO DATA,NO DATA,NO DATA,NO DATA,NO DATA,NO DATA,NO DATA,42,44,43
,24-Aug-2019 18:45:00,T2.NZMA.PFE 1.Converter4,G4,1000.0,1001.0,1000.0,999,1000,999,NO DATA,NO DATA,NO DATA,NO DATA,NO DATA,NO DATA,NO DATA,NO DATA,NO DATA,NO DATA,NO DATA,NO DATA,NO DATA,NO DATA,NO DATA,42,44,43
,24-Aug-2019 18:45:00,T2.NZMA.PFE 1.Converter5,G4,999.0,1000.0,999.0,1070,1072,1070,NO DATA,NO DATA,NO DATA,NO DATA,NO DATA,NO DATA,NO DATA,NO DATA,NO DATA,NO DATA,NO DATA,NO DATA,NO DATA,NO DATA,NO DATA,42,45,43
,24-Aug-2019 18:45:00,T3.AUSY.PFE 1,G3,999.0,1000.0,999.0,2504,2505,2504,995.0,1003.0,998.0,NO DATA,NO DATA,1.0,NO DATA,NO DATA,13,NO DATA,NO DATA,NO DATA,NO DATA,NO DATA,NO DATA,NO DATA,NO DATA,NO DATA
,24-Aug-2019 18:45:00,T3.AUSY.PFE 1.Converter1,G3,999.0,1000.0,999.0,1260,1261,1260,NO DATA,NO DATA,NO DATA,NO DATA,NO DATA,NO DATA,NO DATA,NO DATA,NO DATA,NO DATA,NO DATA,NO DATA,NO DATA,NO DATA,NO DATA,39,42,40
,24-Aug-2019 18:45:00,T3.AUSY.PFE 1.Converter2,G3,999.0,1000.0,999.0,1294,1296,1295,NO DATA,NO DATA,NO DATA,NO DATA,NO DATA,NO DATA,NO DATA,NO DATA,NO DATA,NO DATA,NO DATA,NO DATA,NO DATA,NO DATA,NO DATA,37,38,37
,24-Aug-2019 18:45:00,T4.USPA.PFE 1,G4,998.0,1000.0,998.0,5262,5264,5263,998.0,1000.0,998.0,1.0,2.0,1.0,73,95,84,956.0,957.0,956.0,0.0,0.0,0.0,NO DATA,NO DATA,NO DATA
,24-Aug-2019 18:45:00,T4.USPA.PFE 1.Converter1,G4,998.0,1000.0,998.0,1772,1774,1772,NO DATA,NO DATA,NO DATA,NO DATA,NO DATA,NO DATA,NO DATA,NO DATA,NO DATA,NO DATA,NO DATA,NO DATA,NO DATA,NO DATA,NO DATA,42,45,43
,24-Aug-2019 18:45:00,T4.USPA.PFE 1.Converter2,G4,997.0,999.0,998.0,1738,1740,1738,NO DATA,NO DATA,NO DATA,NO DATA,NO DATA,NO DATA,NO DATA,NO DATA,NO DATA,NO DATA,NO DATA,NO DATA,NO DATA,NO DATA,NO DATA,42,44,43
,24-Aug-2019 18:45:00,T4.USPA.PFE 1.Converter3,G4,997.0,998.0,997.0,1806,1808,1806,NO DATA,NO DATA,NO DATA,NO DATA,NO DATA,NO DATA,NO DATA,NO DATA,NO DATA,NO DATA,NO DATA,NO DATA,NO DATA,NO DATA,NO DATA,42,45,43
,24-Aug-2019 18:45:00,T5.HIKA.PFE 1,G4,1000.0,1000.0,1000.0,5089,5091,5090,1000.0,1000.0,1000.0,0.0,1.0,0.0,11,13,11,991.0,993.0,992.0,0.0,0.0,0.0,NO DATA,NO DATA,NO DATA
,24-Aug-2019 18:45:00,T5.HIKA.PFE 1.Converter1,G4,1000.0,1000.0,1000.0,1000,1002,1001,NO DATA,NO DATA,NO DATA,NO DATA,NO DATA,NO DATA,NO DATA,NO DATA,NO DATA,NO DATA,NO DATA,NO DATA,NO DATA,NO DATA,NO DATA,42,44,43
,24-Aug-2019 18:45:00,T5.HIKA.PFE 1.Converter2,G4,999.0,1000.0,999.0,1089,1091,1090,NO DATA,NO DATA,NO DATA,NO DATA,NO DATA,NO DATA,NO DATA,NO DATA,NO DATA,NO DATA,NO DATA,NO DATA,NO DATA,NO DATA,NO DATA,42,44,43
,24-Aug-2019 18:45:00,T5.HIKA.PFE 1.Converter3,G4,999.0,1000.0,999.0,1067,1070,1067,NO DATA,NO DATA,NO DATA,NO DATA,NO DATA,NO DATA,NO DATA,NO DATA,NO DATA,NO DATA,NO DATA,NO DATA,NO DATA,NO DATA,NO DATA,42,44,43
,24-Aug-2019 18:45:00,T5.HIKA.PFE 1.Converter4,G4,999.0,1000.0,999.0,1002,1007,1005,NO DATA,NO DATA,NO DATA,NO DATA,NO DATA,NO DATA,NO DATA,NO DATA,NO DATA,NO DATA,NO DATA,NO DATA,NO DATA,NO DATA,NO DATA,42,45,43
,24-Aug-2019 18:45:00,T5.HIKA.PFE 1.Converter5,G4,999.0,1000.0,999.0,1001,1002,1001,NO DATA,NO DATA,NO DATA,NO DATA,NO DATA,NO DATA,NO DATA,NO DATA,NO DATA,NO DATA,NO DATA,NO DATA,NO DATA,NO DATA,NO DATA,42,45,43
,24-Aug-2019 19:00:00,B1.ASGO.PFE 1,G3,999.0,1001.0,999.0,483,485,483,997.0,1003.0,999.0,NO DATA,NO DATA,1.0,NO DATA,NO DATA,12,NO DATA,NO DATA,NO DATA,NO DATA,NO DATA,NO DATA,NO DATA,NO DATA,NO DATA
,24-Aug-2019 19:00:00,B1.ASGO.PFE 1.Converter1,G3,999.0,1000.0,999.0,270,271,270,NO DATA,NO DATA,NO DATA,NO DATA,NO DATA,NO DATA,NO DATA,NO DATA,NO DATA,NO DATA,NO DATA,NO DATA,NO DATA,NO DATA,NO DATA,29,31,29
,24-Aug-2019 19:00:00,B1.ASGO.PFE 1.Converter2,G3,999.0,1001.0,1000.0,265,267,266,NO DATA,NO DATA,NO DATA,NO DATA,NO DATA,NO DATA,NO DATA,NO DATA,NO DATA,NO DATA,NO DATA,NO DATA,NO DATA,NO DATA,NO DATA,37,40,38
,24-Aug-2019 19:00:00,T2.NZMA.PFE 1,G4,1000.0,1001.0,1000.0,5116,5117,5116,1000.0,1001.0,1000.0,0.0,1.0,0.0,12,13,12,990.0,992.0,991.0,0.0,0.0,0.0,NO DATA,NO DATA,NO DATA
,24-Aug-2019 19:00:00,T2.NZMA.PFE 1.Converter1,G4,999.0,1000.0,999.0,1041,1045,1042,NO DATA,NO DATA,NO DATA,NO DATA,NO DATA,NO DATA,NO DATA,NO DATA,NO DATA,NO DATA,NO DATA,NO DATA,NO DATA,NO DATA,NO DATA,42,45,43
,24-Aug-2019 19:00:00,T2.NZMA.PFE 1.Converter2,G4,999.0,1000.0,999.0,1052,1053,1052,NO DATA,NO DATA,NO DATA,NO DATA,NO DATA,NO DATA,NO DATA,NO DATA,NO DATA,NO DATA,NO DATA,NO DATA,NO DATA,NO DATA,NO DATA,42,44,43
,24-Aug-2019 19:00:00,T2.NZMA.PFE 1.Converter3,G4,1000.0,1001.0,1000.0,1025,1028,1026,NO DATA,NO DATA,NO DATA,NO DATA,NO DATA,NO DATA,NO DATA,NO DATA,NO DATA,NO DATA,NO DATA,NO DATA,NO DATA,NO DATA,NO DATA,42,45,43
,24-Aug-2019 19:00:00,T2.NZMA.PFE 1.Converter4,G4,1000.0,1001.0,1000.0,999,1000,999,NO DATA,NO DATA,NO DATA,NO DATA,NO DATA,NO DATA,NO DATA,NO DATA,NO DATA,NO DATA,NO DATA,NO DATA,NO DATA,NO DATA,NO DATA,42,44,43
,24-Aug-2019 19:00:00,T2.NZMA.PFE 1.Converter5,G4,999.0,1000.0,999.0,1070,1073,1071,NO DATA,NO DATA,NO DATA,NO DATA,NO DATA,NO DATA,NO DATA,NO DATA,NO DATA,NO DATA,NO DATA,NO DATA,NO DATA,NO DATA,NO DATA,42,44,43
,24-Aug-2019 19:00:00,T3.AUSY.PFE 1,G3,999.0,1001.0,999.0,2504,2506,2504,995.0,1003.0,998.0,NO DATA,NO DATA,1.0,NO DATA,NO DATA,13,NO DATA,NO DATA,NO DATA,NO DATA,NO DATA,NO DATA,NO DATA,NO DATA,NO DATA
,24-Aug-2019 19:00:00,T3.AUSY.PFE 1.Converter1,G3,999.0,1000.0,999.0,1260,1261,1260,NO DATA,NO DATA,NO DATA,NO DATA,NO DATA,NO DATA,NO DATA,NO DATA,NO DATA,NO DATA,NO DATA,NO DATA,NO DATA,NO DATA,NO DATA,39,42,40
,24-Aug-2019 19:00:00,T3.AUSY.PFE 1.Converter2,G3,999.0,1000.0,999.0,1295,1296,1295,NO DATA,NO DATA,NO DATA,NO DATA,NO DATA,NO DATA,NO DATA,NO DATA,NO DATA,NO DATA,NO DATA,NO DATA,NO DATA,NO DATA,NO DATA,37,38,37
,24-Aug-2019 19:00:00,T4.USPA.PFE 1,G4,998.0,1000.0,998.0,5263,5264,5263,998.0,1000.0,998.0,1.0,2.0,1.0,73,96,84,956.0,957.0,956.0,0.0,0.0,0.0,NO DATA,NO DATA,NO DATA
,24-Aug-2019 19:00:00,T4.USPA.PFE 1.Converter1,G4,998.0,999.0,998.0,1772,1774,1772,NO DATA,NO DATA,NO DATA,NO DATA,NO DATA,NO DATA,NO DATA,NO DATA,NO DATA,NO DATA,NO DATA,NO DATA,NO DATA,NO DATA,NO DATA,42,44,43
,24-Aug-2019 19:00:00,T4.USPA.PFE 1.Converter2,G4,997.0,999.0,998.0,1737,1740,1738,NO DATA,NO DATA,NO DATA,NO DATA,NO DATA,NO DATA,NO DATA,NO DATA,NO DATA,NO DATA,NO DATA,NO DATA,NO DATA,NO DATA,NO DATA,42,44,42
,24-Aug-2019 19:00:00,T4.USPA.PFE 1.Converter3,G4,997.0,998.0,997.0,1806,1808,1807,NO DATA,NO DATA,NO DATA,NO DATA,NO DATA,NO DATA,NO DATA,NO DATA,NO DATA,NO DATA,NO DATA,NO DATA,NO DATA,NO DATA,NO DATA,42,45,43
,24-Aug-2019 19:00:00,T5.HIKA.PFE 1,G4,1000.0,1000.0,1000.0,5089,5091,5090,1000.0,1000.0,1000.0,0.0,1.0,0.0,11,13,11,992.0,993.0,992.0,0.0,0.0,0.0,NO DATA,NO DATA,NO DATA
,24-Aug-2019 19:00:00,T5.HIKA.PFE 1.Converter1,G4,1000.0,1000.0,1000.0,1000,1002,1001,NO DATA,NO DATA,NO DATA,NO DATA,NO DATA,NO DATA,NO DATA,NO DATA,NO DATA,NO DATA,NO DATA,NO DATA,NO DATA,NO DATA,NO DATA,42,45,43
,24-Aug-2019 19:00:00,T5.HIKA.PFE 1.Converter2,G4,999.0,1000.0,999.0,1090,1091,1090,NO DATA,NO DATA,NO DATA,NO DATA,NO DATA,NO DATA,NO DATA,NO DATA,NO DATA,NO DATA,NO DATA,NO DATA,NO DATA,NO DATA,NO DATA,42,47,44
,24-Aug-2019 19:00:00,T5.HIKA.PFE 1.Converter3,G4,999.0,1000.0,999.0,1067,1069,1067,NO DATA,NO DATA,NO DATA,NO DATA,NO DATA,NO DATA,NO DATA,NO DATA,NO DATA,NO DATA,NO DATA,NO DATA,NO DATA,NO DATA,NO DATA,42,46,44
,24-Aug-2019 19:00:00,T5.HIKA.PFE 1.Converter4,G4,999.0,1000.0,999.0,1003,1006,1005,NO DATA,NO DATA,NO DATA,NO DATA,NO DATA,NO DATA,NO DATA,NO DATA,NO DATA,NO DATA,NO DATA,NO DATA,NO DATA,NO DATA,NO DATA,42,46,43
,24-Aug-2019 19:00:00,T5.HIKA.PFE 1.Converter5,G4,999.0,1000.0,999.0,1001,1003,1001,NO DATA,NO DATA,NO DATA,NO DATA,NO DATA,NO DATA,NO DATA,NO DATA,NO DATA,NO DATA,NO DATA,NO DATA,NO DATA,NO DATA,NO DATA,42,47,44
,24-Aug-2019 19:15:00,B1.ASGO.PFE 1,G3,999.0,1001.0,999.0,483,485,483,996.0,1003.0,999.0,NO DATA,NO DATA,1.0,NO DATA,NO DATA,12,NO DATA,NO DATA,NO DATA,NO DATA,NO DATA,NO DATA,NO DATA,NO DATA,NO DATA
,24-Aug-2019 19:15:00,B1.ASGO.PFE 1.Converter1,G3,999.0,1000.0,999.0,270,271,270,NO DATA,NO DATA,NO DATA,NO DATA,NO DATA,NO DATA,NO DATA,NO DATA,NO DATA,NO DATA,NO DATA,NO DATA,NO DATA,NO DATA,NO DATA,27,30,28
,24-Aug-2019 19:15:00,B1.ASGO.PFE 1.Converter2,G3,999.0,1001.0,1000.0,265,267,265,NO DATA,NO DATA,NO DATA,NO DATA,NO DATA,NO DATA,NO DATA,NO DATA,NO DATA,NO DATA,NO DATA,NO DATA,NO DATA,NO DATA,NO DATA,36,39,37
,24-Aug-2019 19:15:00,T2.NZMA.PFE 1,G4,1000.0,1001.0,1000.0,5114,5117,5115,1000.0,1001.0,1000.0,0.0,1.0,0.0,12,13,12,990.0,992.0,991.0,0.0,0.0,0.0,NO DATA,NO DATA,NO DATA
,24-Aug-2019 19:15:00,T2.NZMA.PFE 1.Converter1,G4,999.0,1000.0,999.0,1041,1045,1041,NO DATA,NO DATA,NO DATA,NO DATA,NO DATA,NO DATA,NO DATA,NO DATA,NO DATA,NO DATA,NO DATA,NO DATA,NO DATA,NO DATA,NO DATA,42,45,43
,24-Aug-2019 19:15:00,T2.NZMA.PFE 1.Converter2,G4,999.0,1000.0,999.0,1052,1053,1052,NO DATA,NO DATA,NO DATA,NO DATA,NO DATA,NO DATA,NO DATA,NO DATA,NO DATA,NO DATA,NO DATA,NO DATA,NO DATA,NO DATA,NO DATA,42,44,43
,24-Aug-2019 19:15:00,T2.NZMA.PFE 1.Converter3,G4,1000.0,1001.0,1000.0,1023,1028,1026,NO DATA,NO DATA,NO DATA,NO DATA,NO DATA,NO DATA,NO DATA,NO DATA,NO DATA,NO DATA,NO DATA,NO DATA,NO DATA,NO DATA,NO DATA,42,45,43
,24-Aug-2019 19:15:00,T2.NZMA.PFE 1.Converter4,G4,1000.0,1001.0,1000.0,999,1000,999,NO DATA,NO DATA,NO DATA,NO DATA,NO DATA,NO DATA,NO DATA,NO DATA,NO DATA,NO DATA,NO DATA,NO DATA,NO DATA,NO DATA,NO DATA,42,44,43
,24-Aug-2019 19:15:00,T2.NZMA.PFE 1.Converter5,G4,999.0,1000.0,999.0,1070,1074,1071,NO DATA,NO DATA,NO DATA,NO DATA,NO DATA,NO DATA,NO DATA,NO DATA,NO DATA,NO DATA,NO DATA,NO DATA,NO DATA,NO DATA,NO DATA,42,44,43
,24-Aug-2019 19:15:00,T3.AUSY.PFE 1,G3,999.0,1001.0,999.0,2504,2506,2504,995.0,1003.0,998.0,NO DATA,NO DATA,1.0,NO DATA,NO DATA,13,NO DATA,NO DATA,NO DATA,NO DATA,NO DATA,NO DATA,NO DATA,NO DATA,NO DATA
,24-Aug-2019 19:15:00,T3.AUSY.PFE 1.Converter1,G3,999.0,1000.0,999.0,1260,1261,1260,NO DATA,NO DATA,NO DATA,NO DATA,NO DATA,NO DATA,NO DATA,NO DATA,NO DATA,NO DATA,NO DATA,NO DATA,NO DATA,NO DATA,NO DATA,39,42,40
,24-Aug-2019 19:15:00,T3.AUSY.PFE 1.Converter2,G3,999.0,1000.0,999.0,1295,1296,1295,NO DATA,NO DATA,NO DATA,NO DATA,NO DATA,NO DATA,NO DATA,NO DATA,NO DATA,NO DATA,NO DATA,NO DATA,NO DATA,NO DATA,NO DATA,37,38,37
,24-Aug-2019 19:15:00,T4.USPA.PFE 1,G4,998.0,1000.0,998.0,5263,5266,5264,998.0,1000.0,998.0,1.0,2.0,1.0,73,97,84,955.0,957.0,956.0,0.0,0.0,0.0,NO DATA,NO DATA,NO DATA
,24-Aug-2019 19:15:00,T4.USPA.PFE 1.Converter1,G4,998.0,999.0,998.0,1772,1774,1773,NO DATA,NO DATA,NO DATA,NO DATA,NO DATA,NO DATA,NO DATA,NO DATA,NO DATA,NO DATA,NO DATA,NO DATA,NO DATA,NO DATA,NO DATA,42,44,43
,24-Aug-2019 19:15:00,T4.USPA.PFE 1.Converter2,G4,997.0,999.0,998.0,1738,1740,1738,NO DATA,NO DATA,NO DATA,NO DATA,NO DATA,NO DATA,NO DATA,NO DATA,NO DATA,NO DATA,NO DATA,NO DATA,NO DATA,NO DATA,NO DATA,42,44,42
,24-Aug-2019 19:15:00,T4.USPA.PFE 1.Converter3,G4,997.0,998.0,997.0,1806,1808,1807,NO DATA,NO DATA,NO DATA,NO DATA,NO DATA,NO DATA,NO DATA,NO DATA,NO DATA,NO DATA,NO DATA,NO DATA,NO DATA,NO DATA,NO DATA,42,45,43
,24-Aug-2019 19:15:00,T5.HIKA.PFE 1,G4,1000.0,1000.0,1000.0,5090,5091,5090,1000.0,1000.0,1000.0,0.0,1.0,0.0,11,13,11,992.0,993.0,992.0,0.0,0.0,0.0,NO DATA,NO DATA,NO DATA
,24-Aug-2019 19:15:00,T5.HIKA.PFE 1.Converter1,G4,1000.0,1000.0,1000.0,1000,1002,1001,NO DATA,NO DATA,NO DATA,NO DATA,NO DATA,NO DATA,NO DATA,NO DATA,NO DATA,NO DATA,NO DATA,NO DATA,NO DATA,NO DATA,NO DATA,42,45,43
,24-Aug-2019 19:15:00,T5.HIKA.PFE 1.Converter2,G4,999.0,1000.0,999.0,1089,1091,1090,NO DATA,NO DATA,NO DATA,NO DATA,NO DATA,NO DATA,NO DATA,NO DATA,NO DATA,NO DATA,NO DATA,NO DATA,NO DATA,NO DATA,NO DATA,45,48,46
,24-Aug-2019 19:15:00,T5.HIKA.PFE 1.Converter3,G4,999.0,1000.0,999.0,1067,1070,1067,NO DATA,NO DATA,NO DATA,NO DATA,NO DATA,NO DATA,NO DATA,NO DATA,NO DATA,NO DATA,NO DATA,NO DATA,NO DATA,NO DATA,NO DATA,44,47,45
,24-Aug-2019 19:15:00,T5.HIKA.PFE 1.Converter4,G4,999.0,1000.0,999.0,1004,1007,1005,NO DATA,NO DATA,NO DATA,NO DATA,NO DATA,NO DATA,NO DATA,NO DATA,NO DATA,NO DATA,NO DATA,NO DATA,NO DATA,NO DATA,NO DATA,44,46,45
,24-Aug-2019 19:15:00,T5.HIKA.PFE 1.Converter5,G4,999.0,1000.0,999.0,1001,1002,1001,NO DATA,NO DATA,NO DATA,NO DATA,NO DATA,NO DATA,NO DATA,NO DATA,NO DATA,NO DATA,NO DATA,NO DATA,NO DATA,NO DATA,NO DATA,45,47,46
,24-Aug-2019 19:30:00,B1.ASGO.PFE 1,G3,999.0,1001.0,999.0,483,485,483,996.0,1002.0,999.0,NO DATA,NO DATA,1.0,NO DATA,NO DATA,12,NO DATA,NO DATA,NO DATA,NO DATA,NO DATA,NO DATA,NO DATA,NO DATA,NO DATA
,24-Aug-2019 19:30:00,B1.ASGO.PFE 1.Converter1,G3,999.0,1000.0,999.0,270,271,270,NO DATA,NO DATA,NO DATA,NO DATA,NO DATA,NO DATA,NO DATA,NO DATA,NO DATA,NO DATA,NO DATA,NO DATA,NO DATA,NO DATA,NO DATA,27,28,27
,24-Aug-2019 19:30:00,B1.ASGO.PFE 1.Converter2,G3,999.0,1001.0,1000.0,266,267,266,NO DATA,NO DATA,NO DATA,NO DATA,NO DATA,NO DATA,NO DATA,NO DATA,NO DATA,NO DATA,NO DATA,NO DATA,NO DATA,NO DATA,NO DATA,36,38,36
,24-Aug-2019 19:30:00,T2.NZMA.PFE 1,G4,1000.0,1001.0,1000.0,5114,5115,5114,1000.0,1001.0,1000.0,0.0,1.0,0.0,12,13,12,990.0,992.0,991.0,0.0,0.0,0.0,NO DATA,NO DATA,NO DATA
,24-Aug-2019 19:30:00,T2.NZMA.PFE 1.Converter1,G4,999.0,1000.0,999.0,1041,1045,1041,NO DATA,NO DATA,NO DATA,NO DATA,NO DATA,NO DATA,NO DATA,NO DATA,NO DATA,NO DATA,NO DATA,NO DATA,NO DATA,NO DATA,NO DATA,42,45,43
,24-Aug-2019 19:30:00,T2.NZMA.PFE 1.Converter2,G4,999.0,1000.0,999.0,1052,1053,1052,NO DATA,NO DATA,NO DATA,NO DATA,NO DATA,NO DATA,NO DATA,NO DATA,NO DATA,NO DATA,NO DATA,NO DATA,NO DATA,NO DATA,NO DATA,42,44,43
,24-Aug-2019 19:30:00,T2.NZMA.PFE 1.Converter3,G4,1000.0,1001.0,1000.0,1023,1027,1025,NO DATA,NO DATA,NO DATA,NO DATA,NO DATA,NO DATA,NO DATA,NO DATA,NO DATA,NO DATA,NO DATA,NO DATA,NO DATA,NO DATA,NO DATA,42,45,43
,24-Aug-2019 19:30:00,T2.NZMA.PFE 1.Converter4,G4,1000.0,1001.0,1000.0,999,1000,999,NO DATA,NO DATA,NO DATA,NO DATA,NO DATA,NO DATA,NO DATA,NO DATA,NO DATA,NO DATA,NO DATA,NO DATA,NO DATA,NO DATA,NO DATA,42,45,43
,24-Aug-2019 19:30:00,T2.NZMA.PFE 1.Converter5,G4,999.0,1000.0,999.0,1070,1073,1070,NO DATA,NO DATA,NO DATA,NO DATA,NO DATA,NO DATA,NO DATA,NO DATA,NO DATA,NO DATA,NO DATA,NO DATA,NO DATA,NO DATA,NO DATA,42,44,43
,24-Aug-2019 19:30:00,T3.AUSY.PFE 1,G3,999.0,1001.0,999.0,2504,2506,2504,994.0,1003.0,998.0,NO DATA,NO DATA,1.0,NO DATA,NO DATA,13,NO DATA,NO DATA,NO DATA,NO DATA,NO DATA,NO DATA,NO DATA,NO DATA,NO DATA
,24-Aug-2019 19:30:00,T3.AUSY.PFE 1.Converter1,G3,999.0,1000.0,999.0,1260,1261,1260,NO DATA,NO DATA,NO DATA,NO DATA,NO DATA,NO DATA,NO DATA,NO DATA,NO DATA,NO DATA,NO DATA,NO DATA,NO DATA,NO DATA,NO DATA,39,42,40
,24-Aug-2019 19:30:00,T3.AUSY.PFE 1.Converter2,G3,999.0,1000.0,999.0,1295,1296,1295,NO DATA,NO DATA,NO DATA,NO DATA,NO DATA,NO DATA,NO DATA,NO DATA,NO DATA,NO DATA,NO DATA,NO DATA,NO DATA,NO DATA,NO DATA,37,38,37
,24-Aug-2019 19:30:00,T4.USPA.PFE 1,G4,998.0,1000.0,998.0,5264,5266,5264,998.0,1000.0,998.0,1.0,2.0,1.0,73,96,85,955.0,957.0,956.0,0.0,0.0,0.0,NO DATA,NO DATA,NO DATA
,24-Aug-2019 19:30:00,T4.USPA.PFE 1.Converter1,G4,997.0,999.0,998.0,1772,1774,1772,NO DATA,NO DATA,NO DATA,NO DATA,NO DATA,NO DATA,NO DATA,NO DATA,NO DATA,NO DATA,NO DATA,NO DATA,NO DATA,NO DATA,NO DATA,42,44,43
,24-Aug-2019 19:30:00,T4.USPA.PFE 1.Converter2,G4,997.0,999.0,998.0,1739,1741,1739,NO DATA,NO DATA,NO DATA,NO DATA,NO DATA,NO DATA,NO DATA,NO DATA,NO DATA,NO DATA,NO DATA,NO DATA,NO DATA,NO DATA,NO DATA,42,44,42
,24-Aug-2019 19:30:00,T4.USPA.PFE 1.Converter3,G4,997.0,998.0,997.0,1806,1808,1807,NO DATA,NO DATA,NO DATA,NO DATA,NO DATA,NO DATA,NO DATA,NO DATA,NO DATA,NO DATA,NO DATA,NO DATA,NO DATA,NO DATA,NO DATA,42,45,43
,24-Aug-2019 19:30:00,T5.HIKA.PFE 1,G4,1000.0,1000.0,1000.0,5090,5092,5090,1000.0,1000.0,1000.0,0.0,1.0,0.0,11,13,11,992.0,993.0,992.0,0.0,0.0,0.0,NO DATA,NO DATA,NO DATA
,24-Aug-2019 19:30:00,T5.HIKA.PFE 1.Converter1,G4,1000.0,1000.0,1000.0,1000,1002,1000,NO DATA,NO DATA,NO DATA,NO DATA,NO DATA,NO DATA,NO DATA,NO DATA,NO DATA,NO DATA,NO DATA,NO DATA,NO DATA,NO DATA,NO DATA,42,44,43
,24-Aug-2019 19:30:00,T5.HIKA.PFE 1.Converter2,G4,999.0,1000.0,999.0,1089,1091,1090,NO DATA,NO DATA,NO DATA,NO DATA,NO DATA,NO DATA,NO DATA,NO DATA,NO DATA,NO DATA,NO DATA,NO DATA,NO DATA,NO DATA,NO DATA,42,46,43
,24-Aug-2019 19:30:00,T5.HIKA.PFE 1.Converter3,G4,999.0,1000.0,999.0,1067,1071,1068,NO DATA,NO DATA,NO DATA,NO DATA,NO DATA,NO DATA,NO DATA,NO DATA,NO DATA,NO DATA,NO DATA,NO DATA,NO DATA,NO DATA,NO DATA,42,45,43
,24-Aug-2019 19:30:00,T5.HIKA.PFE 1.Converter4,G4,999.0,1000.0,999.0,1004,1007,1005,NO DATA,NO DATA,NO DATA,NO DATA,NO DATA,NO DATA,NO DATA,NO DATA,NO DATA,NO DATA,NO DATA,NO DATA,NO DATA,NO DATA,NO DATA,42,45,43
,24-Aug-2019 19:30:00,T5.HIKA.PFE 1.Converter5,G4,999.0,1000.0,999.0,1001,1002,1001,NO DATA,NO DATA,NO DATA,NO DATA,NO DATA,NO DATA,NO DATA,NO DATA,NO DATA,NO DATA,NO DATA,NO DATA,NO DATA,NO DATA,NO DATA,42,45,43
,24-Aug-2019 19:45:00,B1.ASGO.PFE 1,G3,999.0,1001.0,1000.0,483,485,483,996.0,1002.0,999.0,NO DATA,NO DATA,1.0,NO DATA,NO DATA,12,NO DATA,NO DATA,NO DATA,NO DATA,NO DATA,NO DATA,NO DATA,NO DATA,NO DATA
,24-Aug-2019 19:45:00,B1.ASGO.PFE 1.Converter1,G3,999.0,1000.0,999.0,270,271,270,NO DATA,NO DATA,NO DATA,NO DATA,NO DATA,NO DATA,NO DATA,NO DATA,NO DATA,NO DATA,NO DATA,NO DATA,NO DATA,NO DATA,NO DATA,27,29,27
,24-Aug-2019 19:45:00,B1.ASGO.PFE 1.Converter2,G3,999.0,1001.0,1000.0,265,267,266,NO DATA,NO DATA,NO DATA,NO DATA,NO DATA,NO DATA,NO DATA,NO DATA,NO DATA,NO DATA,NO DATA,NO DATA,NO DATA,NO DATA,NO DATA,35,39,37
,24-Aug-2019 19:45:00,T2.NZMA.PFE 1,G4,1000.0,1001.0,1000.0,5114,5115,5114,1000.0,1001.0,1000.0,0.0,1.0,0.0,12,13,12,990.0,992.0,991.0,0.0,0.0,0.0,NO DATA,NO DATA,NO DATA
,24-Aug-2019 19:45:00,T2.NZMA.PFE 1.Converter1,G4,999.0,1000.0,999.0,1040,1044,1041,NO DATA,NO DATA,NO DATA,NO DATA,NO DATA,NO DATA,NO DATA,NO DATA,NO DATA,NO DATA,NO DATA,NO DATA,NO DATA,NO DATA,NO DATA,42,45,43
,24-Aug-2019 19:45:00,T2.NZMA.PFE 1.Converter2,G4,999.0,1000.0,999.0,1052,1053,1052,NO DATA,NO DATA,NO DATA,NO DATA,NO DATA,NO DATA,NO DATA,NO DATA,NO DATA,NO DATA,NO DATA,NO DATA,NO DATA,NO DATA,NO DATA,42,44,43
,24-Aug-2019 19:45:00,T2.NZMA.PFE 1.Converter3,G4,1000.0,1001.0,1000.0,1024,1027,1026,NO DATA,NO DATA,NO DATA,NO DATA,NO DATA,NO DATA,NO DATA,NO DATA,NO DATA,NO DATA,NO DATA,NO DATA,NO DATA,NO DATA,NO DATA,42,44,43
,24-Aug-2019 19:45:00,T2.NZMA.PFE 1.Converter4,G4,1000.0,1001.0,1000.0,999,1000,999,NO DATA,NO DATA,NO DATA,NO DATA,NO DATA,NO DATA,NO DATA,NO DATA,NO DATA,NO DATA,NO DATA,NO DATA,NO DATA,NO DATA,NO DATA,42,44,43
,24-Aug-2019 19:45:00,T2.NZMA.PFE 1.Converter5,G4,999.0,1000.0,999.0,1070,1072,1070,NO DATA,NO DATA,NO DATA,NO DATA,NO DATA,NO DATA,NO DATA,NO DATA,NO DATA,NO DATA,NO DATA,NO DATA,NO DATA,NO DATA,NO DATA,42,44,43
,24-Aug-2019 19:45:00,T3.AUSY.PFE 1,G3,999.0,1001.0,1000.0,2504,2505,2504,994.0,1003.0,998.0,NO DATA,NO DATA,1.0,NO DATA,NO DATA,13,NO DATA,NO DATA,NO DATA,NO DATA,NO DATA,NO DATA,NO DATA,NO DATA,NO DATA
,24-Aug-2019 19:45:00,T3.AUSY.PFE 1.Converter1,G3,999.0,1000.0,999.0,1260,1261,1260,NO DATA,NO DATA,NO DATA,NO DATA,NO DATA,NO DATA,NO DATA,NO DATA,NO DATA,NO DATA,NO DATA,NO DATA,NO DATA,NO DATA,NO DATA,39,42,40
,24-Aug-2019 19:45:00,T3.AUSY.PFE 1.Converter2,G3,999.0,1000.0,999.0,1295,1296,1295,NO DATA,NO DATA,NO DATA,NO DATA,NO DATA,NO DATA,NO DATA,NO DATA,NO DATA,NO DATA,NO DATA,NO DATA,NO DATA,NO DATA,NO DATA,37,38,37
,24-Aug-2019 19:45:00,T4.USPA.PFE 1,G4,998.0,1000.0,998.0,5265,5267,5265,998.0,1000.0,998.0,1.0,2.0,1.0,73,96,84,955.0,957.0,956.0,0.0,0.0,0.0,NO DATA,NO DATA,NO DATA
,24-Aug-2019 19:45:00,T4.USPA.PFE 1.Converter1,G4,997.0,999.0,998.0,1772,1775,1773,NO DATA,NO DATA,NO DATA,NO DATA,NO DATA,NO DATA,NO DATA,NO DATA,NO DATA,NO DATA,NO DATA,NO DATA,NO DATA,NO DATA,NO DATA,42,45,43
,24-Aug-2019 19:45:00,T4.USPA.PFE 1.Converter2,G4,997.0,999.0,998.0,1739,1742,1740,NO DATA,NO DATA,NO DATA,NO DATA,NO DATA,NO DATA,NO DATA,NO DATA,NO DATA,NO DATA,NO DATA,NO DATA,NO DATA,NO DATA,NO DATA,42,44,42
,24-Aug-2019 19:45:00,T4.USPA.PFE 1.Converter3,G4,997.0,998.0,997.0,1806,1808,1807,NO DATA,NO DATA,NO DATA,NO DATA,NO DATA,NO DATA,NO DATA,NO DATA,NO DATA,NO DATA,NO DATA,NO DATA,NO DATA,NO DATA,NO DATA,42,44,43
,24-Aug-2019 19:45:00,T5.HIKA.PFE 1,G4,1000.0,1000.0,1000.0,5089,5091,5089,1000.0,1000.0,1000.0,0.0,1.0,0.0,11,13,11,992.0,993.0,992.0,0.0,0.0,0.0,NO DATA,NO DATA,NO DATA
,24-Aug-2019 19:45:00,T5.HIKA.PFE 1.Converter1,G4,1000.0,1000.0,1000.0,1000,1002,1000,NO DATA,NO DATA,NO DATA,NO DATA,NO DATA,NO DATA,NO DATA,NO DATA,NO DATA,NO DATA,NO DATA,NO DATA,NO DATA,NO DATA,NO DATA,42,45,43
,24-Aug-2019 19:45:00,T5.HIKA.PFE 1.Converter2,G4,999.0,1000.0,999.0,1089,1091,1089,NO DATA,NO DATA,NO DATA,NO DATA,NO DATA,NO DATA,NO DATA,NO DATA,NO DATA,NO DATA,NO DATA,NO DATA,NO DATA,NO DATA,NO DATA,43,44,43
,24-Aug-2019 19:45:00,T5.HIKA.PFE 1.Converter3,G4,999.0,1000.0,999.0,1067,1071,1068,NO DATA,NO DATA,NO DATA,NO DATA,NO DATA,NO DATA,NO DATA,NO DATA,NO DATA,NO DATA,NO DATA,NO DATA,NO DATA,NO DATA,NO DATA,42,45,43
,24-Aug-2019 19:45:00,T5.HIKA.PFE 1.Converter4,G4,999.0,1000.0,999.0,1002,1006,1005,NO DATA,NO DATA,NO DATA,NO DATA,NO DATA,NO DATA,NO DATA,NO DATA,NO DATA,NO DATA,NO DATA,NO DATA,NO DATA,NO DATA,NO DATA,42,45,43
,24-Aug-2019 19:45:00,T5.HIKA.PFE 1.Converter5,G4,999.0,1000.0,999.0,1000,1002,1001,NO DATA,NO DATA,NO DATA,NO DATA,NO DATA,NO DATA,NO DATA,NO DATA,NO DATA,NO DATA,NO DATA,NO DATA,NO DATA,NO DATA,NO DATA,43,44,43
,24-Aug-2019 20:00:00,B1.ASGO.PFE 1,G3,999.0,1001.0,999.0,483,485,483,996.0,1002.0,999.0,NO DATA,NO DATA,1.0,NO DATA,NO DATA,12,NO DATA,NO DATA,NO DATA,NO DATA,NO DATA,NO DATA,NO DATA,NO DATA,NO DATA
,24-Aug-2019 20:00:00,B1.ASGO.PFE 1.Converter1,G3,999.0,1000.0,999.0,270,271,270,NO DATA,NO DATA,NO DATA,NO DATA,NO DATA,NO DATA,NO DATA,NO DATA,NO DATA,NO DATA,NO DATA,NO DATA,NO DATA,NO DATA,NO DATA,28,29,28
,24-Aug-2019 20:00:00,B1.ASGO.PFE 1.Converter2,G3,999.0,1001.0,1000.0,265,267,266,NO DATA,NO DATA,NO DATA,NO DATA,NO DATA,NO DATA,NO DATA,NO DATA,NO DATA,NO DATA,NO DATA,NO DATA,NO DATA,NO DATA,NO DATA,36,39,37
,24-Aug-2019 20:00:00,T2.NZMA.PFE 1,G4,1000.0,1001.0,1000.0,5114,5115,5114,1000.0,1001.0,1000.0,0.0,1.0,0.0,12,13,12,990.0,992.0,991.0,0.0,0.0,0.0,NO DATA,NO DATA,NO DATA
,24-Aug-2019 20:00:00,T2.NZMA.PFE 1.Converter1,G4,999.0,1000.0,999.0,1041,1045,1042,NO DATA,NO DATA,NO DATA,NO DATA,NO DATA,NO DATA,NO DATA,NO DATA,NO DATA,NO DATA,NO DATA,NO DATA,NO DATA,NO DATA,NO DATA,42,45,43
,24-Aug-2019 20:00:00,T2.NZMA.PFE 1.Converter2,G4,999.0,1000.0,999.0,1052,1053,1052,NO DATA,NO DATA,NO DATA,NO DATA,NO DATA,NO DATA,NO DATA,NO DATA,NO DATA,NO DATA,NO DATA,NO DATA,NO DATA,NO DATA,NO DATA,42,45,43
,24-Aug-2019 20:00:00,T2.NZMA.PFE 1.Converter3,G4,1000.0,1001.0,1000.0,1023,1027,1025,NO DATA,NO DATA,NO DATA,NO DATA,NO DATA,NO DATA,NO DATA,NO DATA,NO DATA,NO DATA,NO DATA,NO DATA,NO DATA,NO DATA,NO DATA,42,45,43
,24-Aug-2019 20:00:00,T2.NZMA.PFE 1.Converter4,G4,1000.0,1001.0,1000.0,999,1000,999,NO DATA,NO DATA,NO DATA,NO DATA,NO DATA,NO DATA,NO DATA,NO DATA,NO DATA,NO DATA,NO DATA,NO DATA,NO DATA,NO DATA,NO DATA,42,44,43
,24-Aug-2019 20:00:00,T2.NZMA.PFE 1.Converter5,G4,999.0,1000.0,999.0,1070,1072,1070,NO DATA,NO DATA,NO DATA,NO DATA,NO DATA,NO DATA,NO DATA,NO DATA,NO DATA,NO DATA,NO DATA,NO DATA,NO DATA,NO DATA,NO DATA,42,44,43
,24-Aug-2019 20:00:00,T3.AUSY.PFE 1,G3,999.0,1001.0,999.0,2504,2505,2504,995.0,1003.0,998.0,NO DATA,NO DATA,1.0,NO DATA,NO DATA,13,NO DATA,NO DATA,NO DATA,NO DATA,NO DATA,NO DATA,NO DATA,NO DATA,NO DATA
,24-Aug-2019 20:00:00,T3.AUSY.PFE 1.Converter1,G3,999.0,1000.0,999.0,1260,1261,1260,NO DATA,NO DATA,NO DATA,NO DATA,NO DATA,NO DATA,NO DATA,NO DATA,NO DATA,NO DATA,NO DATA,NO DATA,NO DATA,NO DATA,NO DATA,39,42,40
,24-Aug-2019 20:00:00,T3.AUSY.PFE 1.Converter2,G3,999.0,1000.0,999.0,1294,1296,1294,NO DATA,NO DATA,NO DATA,NO DATA,NO DATA,NO DATA,NO DATA,NO DATA,NO DATA,NO DATA,NO DATA,NO DATA,NO DATA,NO DATA,NO DATA,37,38,37
,24-Aug-2019 20:00:00,T4.USPA.PFE 1,G4,998.0,1000.0,998.0,5266,5267,5266,998.0,1000.0,998.0,1.0,2.0,1.0,74,96,85,955.0,957.0,956.0,0.0,0.0,0.0,NO DATA,NO DATA,NO DATA
,24-Aug-2019 20:00:00,T4.USPA.PFE 1.Converter1,G4,998.0,999.0,998.0,1772,1775,1773,NO DATA,NO DATA,NO DATA,NO DATA,NO DATA,NO DATA,NO DATA,NO DATA,NO DATA,NO DATA,NO DATA,NO DATA,NO DATA,NO DATA,NO DATA,42,45,43
,24-Aug-2019 20:00:00,T4.USPA.PFE 1.Converter2,G4,997.0,999.0,998.0,1739,1742,1740,NO DATA,NO DATA,NO DATA,NO DATA,NO DATA,NO DATA,NO DATA,NO DATA,NO DATA,NO DATA,NO DATA,NO DATA,NO DATA,NO DATA,NO DATA,42,44,42
,24-Aug-2019 20:00:00,T4.USPA.PFE 1.Converter3,G4,997.0,998.0,997.0,1807,1809,1807,NO DATA,NO DATA,NO DATA,NO DATA,NO DATA,NO DATA,NO DATA,NO DATA,NO DATA,NO DATA,NO DATA,NO DATA,NO DATA,NO DATA,NO DATA,42,45,43
,24-Aug-2019 20:00:00,T5.HIKA.PFE 1,G4,1000.0,1000.0,1000.0,5088,5089,5088,1000.0,1000.0,1000.0,0.0,1.0,0.0,11,13,11,992.0,993.0,992.0,0.0,0.0,0.0,NO DATA,NO DATA,NO DATA
,24-Aug-2019 20:00:00,T5.HIKA.PFE 1.Converter1,G4,1000.0,1000.0,1000.0,1000,1002,1001,NO DATA,NO DATA,NO DATA,NO DATA,NO DATA,NO DATA,NO DATA,NO DATA,NO DATA,NO DATA,NO DATA,NO DATA,NO DATA,NO DATA,NO DATA,42,44,43
,24-Aug-2019 20:00:00,T5.HIKA.PFE 1.Converter2,G4,999.0,1000.0,999.0,1088,1091,1089,NO DATA,NO DATA,NO DATA,NO DATA,NO DATA,NO DATA,NO DATA,NO DATA,NO DATA,NO DATA,NO DATA,NO DATA,NO DATA,NO DATA,NO DATA,43,45,44
,24-Aug-2019 20:00:00,T5.HIKA.PFE 1.Converter3,G4,1000.0,1000.0,1000.0,1067,1070,1067,NO DATA,NO DATA,NO DATA,NO DATA,NO DATA,NO DATA,NO DATA,NO DATA,NO DATA,NO DATA,NO DATA,NO DATA,NO DATA,NO DATA,NO DATA,42,44,43
,24-Aug-2019 20:00:00,T5.HIKA.PFE 1.Converter4,G4,999.0,1000.0,999.0,1002,1006,1004,NO DATA,NO DATA,NO DATA,NO DATA,NO DATA,NO DATA,NO DATA,NO DATA,NO DATA,NO DATA,NO DATA,NO DATA,NO DATA,NO DATA,NO DATA,42,45,43
,24-Aug-2019 20:00:00,T5.HIKA.PFE 1.Converter5,G4,999.0,1000.0,999.0,1000,1002,1001,NO DATA,NO DATA,NO DATA,NO DATA,NO DATA,NO DATA,NO DATA,NO DATA,NO DATA,NO DATA,NO DATA,NO DATA,NO DATA,NO DATA,NO DATA,44,45,44
,24-Aug-2019 20:15:00,B1.ASGO.PFE 1,G3,999.0,1001.0,1000.0,483,485,483,996.0,1002.0,999.0,NO DATA,NO DATA,1.0,NO DATA,NO DATA,12,NO DATA,NO DATA,NO DATA,NO DATA,NO DATA,NO DATA,NO DATA,NO DATA,NO DATA
,24-Aug-2019 20:15:00,B1.ASGO.PFE 1.Converter1,G3,999.0,1000.0,999.0,270,271,270,NO DATA,NO DATA,NO DATA,NO DATA,NO DATA,NO DATA,NO DATA,NO DATA,NO DATA,NO DATA,NO DATA,NO DATA,NO DATA,NO DATA,NO DATA,29,30,29
,24-Aug-2019 20:15:00,B1.ASGO.PFE 1.Converter2,G3,999.0,1001.0,1000.0,265,267,265,NO DATA,NO DATA,NO DATA,NO DATA,NO DATA,NO DATA,NO DATA,NO DATA,NO DATA,NO DATA,NO DATA,NO DATA,NO DATA,NO DATA,NO DATA,37,39,37
,24-Aug-2019 20:15:00,T2.NZMA.PFE 1,G4,1000.0,1001.0,1000.0,5114,5115,5114,1000.0,1001.0,1000.0,0.0,1.0,0.0,12,13,12,990.0,992.0,991.0,0.0,0.0,0.0,NO DATA,NO DATA,NO DATA
,24-Aug-2019 20:15:00,T2.NZMA.PFE 1.Converter1,G4,999.0,1000.0,999.0,1041,1045,1041,NO DATA,NO DATA,NO DATA,NO DATA,NO DATA,NO DATA,NO DATA,NO DATA,NO DATA,NO DATA,NO DATA,NO DATA,NO DATA,NO DATA,NO DATA,42,44,43
,24-Aug-2019 20:15:00,T2.NZMA.PFE 1.Converter2,G4,999.0,1000.0,999.0,1052,1053,1052,NO DATA,NO DATA,NO DATA,NO DATA,NO DATA,NO DATA,NO DATA,NO DATA,NO DATA,NO DATA,NO DATA,NO DATA,NO DATA,NO DATA,NO DATA,42,44,43
,24-Aug-2019 20:15:00,T2.NZMA.PFE 1.Converter3,G4,1000.0,1001.0,1000.0,1023,1027,1025,NO DATA,NO DATA,NO DATA,NO DATA,NO DATA,NO DATA,NO DATA,NO DATA,NO DATA,NO DATA,NO DATA,NO DATA,NO DATA,NO DATA,NO DATA,42,44,43
,24-Aug-2019 20:15:00,T2.NZMA.PFE 1.Converter4,G4,1000.0,1001.0,1000.0,999,1000,999,NO DATA,NO DATA,NO DATA,NO DATA,NO DATA,NO DATA,NO DATA,NO DATA,NO DATA,NO DATA,NO DATA,NO DATA,NO DATA,NO DATA,NO DATA,42,45,43
,24-Aug-2019 20:15:00,T2.NZMA.PFE 1.Converter5,G4,999.0,1000.0,999.0,1070,1072,1070,NO DATA,NO DATA,NO DATA,NO DATA,NO DATA,NO DATA,NO DATA,NO DATA,NO DATA,NO DATA,NO DATA,NO DATA,NO DATA,NO DATA,NO DATA,42,45,43
,24-Aug-2019 20:15:00,T3.AUSY.PFE 1,G3,999.0,1000.0,999.0,2503,2505,2504,995.0,1002.0,998.0,NO DATA,NO DATA,1.0,NO DATA,NO DATA,13,NO DATA,NO DATA,NO DATA,NO DATA,NO DATA,NO DATA,NO DATA,NO DATA,NO DATA
,24-Aug-2019 20:15:00,T3.AUSY.PFE 1.Converter1,G3,999.0,1000.0,999.0,1260,1261,1260,NO DATA,NO DATA,NO DATA,NO DATA,NO DATA,NO DATA,NO DATA,NO DATA,NO DATA,NO DATA,NO DATA,NO DATA,NO DATA,NO DATA,NO DATA,39,42,40
,24-Aug-2019 20:15:00,T3.AUSY.PFE 1.Converter2,G3,999.0,1000.0,999.0,1294,1296,1294,NO DATA,NO DATA,NO DATA,NO DATA,NO DATA,NO DATA,NO DATA,NO DATA,NO DATA,NO DATA,NO DATA,NO DATA,NO DATA,NO DATA,NO DATA,37,38,37
,24-Aug-2019 20:15:00,T4.USPA.PFE 1,G4,998.0,1000.0,998.0,5266,5268,5267,998.0,1000.0,998.0,1.0,2.0,1.0,73,97,85,955.0,957.0,956.0,0.0,0.0,0.0,NO DATA,NO DATA,NO DATA
,24-Aug-2019 20:15:00,T4.USPA.PFE 1.Converter1,G4,998.0,999.0,998.0,1773,1775,1773,NO DATA,NO DATA,NO DATA,NO DATA,NO DATA,NO DATA,NO DATA,NO DATA,NO DATA,NO DATA,NO DATA,NO DATA,NO DATA,NO DATA,NO DATA,42,44,43
,24-Aug-2019 20:15:00,T4.USPA.PFE 1.Converter2,G4,997.0,999.0,998.0,1739,1742,1740,NO DATA,NO DATA,NO DATA,NO DATA,NO DATA,NO DATA,NO DATA,NO DATA,NO DATA,NO DATA,NO DATA,NO DATA,NO DATA,NO DATA,NO DATA,42,44,42
,24-Aug-2019 20:15:00,T4.USPA.PFE 1.Converter3,G4,997.0,998.0,997.0,1807,1809,1807,NO DATA,NO DATA,NO DATA,NO DATA,NO DATA,NO DATA,NO DATA,NO DATA,NO DATA,NO DATA,NO DATA,NO DATA,NO DATA,NO DATA,NO DATA,42,45,43
,24-Aug-2019 20:15:00,T5.HIKA.PFE 1,G4,1000.0,1000.0,1000.0,5087,5088,5087,1000.0,1000.0,1000.0,0.0,1.0,0.0,11,13,11,992.0,993.0,992.0,0.0,0.0,0.0,NO DATA,NO DATA,NO DATA
,24-Aug-2019 20:15:00,T5.HIKA.PFE 1.Converter1,G4,1000.0,1000.0,1000.0,1000,1002,1001,NO DATA,NO DATA,NO DATA,NO DATA,NO DATA,NO DATA,NO DATA,NO DATA,NO DATA,NO DATA,NO DATA,NO DATA,NO DATA,NO DATA,NO DATA,42,45,43
,24-Aug-2019 20:15:00,T5.HIKA.PFE 1.Converter2,G4,999.0,1000.0,999.0,1089,1091,1089,NO DATA,NO DATA,NO DATA,NO DATA,NO DATA,NO DATA,NO DATA,NO DATA,NO DATA,NO DATA,NO DATA,NO DATA,NO DATA,NO DATA,NO DATA,44,45,44
,24-Aug-2019 20:15:00,T5.HIKA.PFE 1.Converter3,G4,1000.0,1000.0,1000.0,1067,1068,1067,NO DATA,NO DATA,NO DATA,NO DATA,NO DATA,NO DATA,NO DATA,NO DATA,NO DATA,NO DATA,NO DATA,NO DATA,NO DATA,NO DATA,NO DATA,43,45,43
,24-Aug-2019 20:15:00,T5.HIKA.PFE 1.Converter4,G4,999.0,1000.0,999.0,1002,1006,1003,NO DATA,NO DATA,NO DATA,NO DATA,NO DATA,NO DATA,NO DATA,NO DATA,NO DATA,NO DATA,NO DATA,NO DATA,NO DATA,NO DATA,NO DATA,43,44,43
,24-Aug-2019 20:15:00,T5.HIKA.PFE 1.Converter5,G4,999.0,1000.0,999.0,1000,1002,1001,NO DATA,NO DATA,NO DATA,NO DATA,NO DATA,NO DATA,NO DATA,NO DATA,NO DATA,NO DATA,NO DATA,NO DATA,NO DATA,NO DATA,NO DATA,44,45,44
,24-Aug-2019 20:30:00,B1.ASGO.PFE 1,G3,999.0,1001.0,999.0,483,485,483,996.0,1002.0,999.0,NO DATA,NO DATA,1.0,NO DATA,NO DATA,12,NO DATA,NO DATA,NO DATA,NO DATA,NO DATA,NO DATA,NO DATA,NO DATA,NO DATA
,24-Aug-2019 20:30:00,B1.ASGO.PFE 1.Converter1,G3,999.0,1000.0,999.0,270,271,270,NO DATA,NO DATA,NO DATA,NO DATA,NO DATA,NO DATA,NO DATA,NO DATA,NO DATA,NO DATA,NO DATA,NO DATA,NO DATA,NO DATA,NO DATA,29,30,29
,24-Aug-2019 20:30:00,B1.ASGO.PFE 1.Converter2,G3,999.0,1001.0,1000.0,265,267,266,NO DATA,NO DATA,NO DATA,NO DATA,NO DATA,NO DATA,NO DATA,NO DATA,NO DATA,NO DATA,NO DATA,NO DATA,NO DATA,NO DATA,NO DATA,37,39,38
,24-Aug-2019 20:30:00,T2.NZMA.PFE 1,G4,1000.0,1001.0,1000.0,5113,5114,5113,1000.0,1001.0,1000.0,0.0,1.0,0.0,12,12,12,990.0,992.0,991.0,0.0,0.0,0.0,NO DATA,NO DATA,NO DATA
,24-Aug-2019 20:30:00,T2.NZMA.PFE 1.Converter1,G4,999.0,1000.0,999.0,1040,1044,1041,NO DATA,NO DATA,NO DATA,NO DATA,NO DATA,NO DATA,NO DATA,NO DATA,NO DATA,NO DATA,NO DATA,NO DATA,NO DATA,NO DATA,NO DATA,42,45,43
,24-Aug-2019 20:30:00,T2.NZMA.PFE 1.Converter2,G4,999.0,1000.0,999.0,1052,1053,1052,NO DATA,NO DATA,NO DATA,NO DATA,NO DATA,NO DATA,NO DATA,NO DATA,NO DATA,NO DATA,NO DATA,NO DATA,NO DATA,NO DATA,NO DATA,42,44,43
,24-Aug-2019 20:30:00,T2.NZMA.PFE 1.Converter3,G4,1000.0,1001.0,1000.0,1023,1027,1025,NO DATA,NO DATA,NO DATA,NO DATA,NO DATA,NO DATA,NO DATA,NO DATA,NO DATA,NO DATA,NO DATA,NO DATA,NO DATA,NO DATA,NO DATA,42,44,43
,24-Aug-2019 20:30:00,T2.NZMA.PFE 1.Converter4,G4,1000.0,1001.0,1000.0,999,1000,999,NO DATA,NO DATA,NO DATA,NO DATA,NO DATA,NO DATA,NO DATA,NO DATA,NO DATA,NO DATA,NO DATA,NO DATA,NO DATA,NO DATA,NO DATA,42,44,43
,24-Aug-2019 20:30:00,T2.NZMA.PFE 1.Converter5,G4,999.0,1000.0,999.0,1070,1071,1070,NO DATA,NO DATA,NO DATA,NO DATA,NO DATA,NO DATA,NO DATA,NO DATA,NO DATA,NO DATA,NO DATA,NO DATA,NO DATA,NO DATA,NO DATA,42,45,43
,24-Aug-2019 20:30:00,T3.AUSY.PFE 1,G3,999.0,1001.0,1000.0,2503,2505,2503,995.0,1003.0,998.0,NO DATA,NO DATA,1.0,NO DATA,NO DATA,13,NO DATA,NO DATA,NO DATA,NO DATA,NO DATA,NO DATA,NO DATA,NO DATA,NO DATA
,24-Aug-2019 20:30:00,T3.AUSY.PFE 1.Converter1,G3,999.0,1000.0,999.0,1259,1261,1260,NO DATA,NO DATA,NO DATA,NO DATA,NO DATA,NO DATA,NO DATA,NO DATA,NO DATA,NO DATA,NO DATA,NO DATA,NO DATA,NO DATA,NO DATA,39,42,40
,24-Aug-2019 20:30:00,T3.AUSY.PFE 1.Converter2,G3,999.0,1000.0,999.0,1294,1296,1294,NO DATA,NO DATA,NO DATA,NO DATA,NO DATA,NO DATA,NO DATA,NO DATA,NO DATA,NO DATA,NO DATA,NO DATA,NO DATA,NO DATA,NO DATA,37,38,37
,24-Aug-2019 20:30:00,T4.USPA.PFE 1,G4,998.0,1000.0,998.0,5267,5269,5267,998.0,1000.0,998.0,1.0,2.0,1.0,72,97,85,955.0,957.0,956.0,0.0,0.0,0.0,NO DATA,NO DATA,NO DATA
,24-Aug-2019 20:30:00,T4.USPA.PFE 1.Converter1,G4,998.0,999.0,998.0,1773,1776,1774,NO DATA,NO DATA,NO DATA,NO DATA,NO DATA,NO DATA,NO DATA,NO DATA,NO DATA,NO DATA,NO DATA,NO DATA,NO DATA,NO DATA,NO DATA,42,44,42
,24-Aug-2019 20:30:00,T4.USPA.PFE 1.Converter2,G4,997.0,999.0,998.0,1739,1742,1740,NO DATA,NO DATA,NO DATA,NO DATA,NO DATA,NO DATA,NO DATA,NO DATA,NO DATA,NO DATA,NO DATA,NO DATA,NO DATA,NO DATA,NO DATA,42,44,43
,24-Aug-2019 20:30:00,T4.USPA.PFE 1.Converter3,G4,997.0,998.0,997.0,1807,1809,1808,NO DATA,NO DATA,NO DATA,NO DATA,NO DATA,NO DATA,NO DATA,NO DATA,NO DATA,NO DATA,NO DATA,NO DATA,NO DATA,NO DATA,NO DATA,42,45,43
,24-Aug-2019 20:30:00,T5.HIKA.PFE 1,G4,1000.0,1000.0,1000.0,5088,5089,5088,1000.0,1000.0,1000.0,0.0,2.0,0.0,11,13,11,992.0,993.0,992.0,0.0,0.0,0.0,NO DATA,NO DATA,NO DATA
,24-Aug-2019 20:30:00,T5.HIKA.PFE 1.Converter1,G4,1000.0,1000.0,1000.0,1000,1002,1000,NO DATA,NO DATA,NO DATA,NO DATA,NO DATA,NO DATA,NO DATA,NO DATA,NO DATA,NO DATA,NO DATA,NO DATA,NO DATA,NO DATA,NO DATA,42,45,43
,24-Aug-2019 20:30:00,T5.HIKA.PFE 1.Converter2,G4,999.0,1000.0,999.0,1088,1091,1089,NO DATA,NO DATA,NO DATA,NO DATA,NO DATA,NO DATA,NO DATA,NO DATA,NO DATA,NO DATA,NO DATA,NO DATA,NO DATA,NO DATA,NO DATA,45,46,45
,24-Aug-2019 20:30:00,T5.HIKA.PFE 1.Converter3,G4,1000.0,1000.0,1000.0,1067,1068,1067,NO DATA,NO DATA,NO DATA,NO DATA,NO DATA,NO DATA,NO DATA,NO DATA,NO DATA,NO DATA,NO DATA,NO DATA,NO DATA,NO DATA,NO DATA,44,45,44
,24-Aug-2019 20:30:00,T5.HIKA.PFE 1.Converter4,G4,999.0,1000.0,999.0,1003,1007,1004,NO DATA,NO DATA,NO DATA,NO DATA,NO DATA,NO DATA,NO DATA,NO DATA,NO DATA,NO DATA,NO DATA,NO DATA,NO DATA,NO DATA,NO DATA,44,45,44
,24-Aug-2019 20:30:00,T5.HIKA.PFE 1.Converter5,G4,999.0,1000.0,999.0,1000,1002,1001,NO DATA,NO DATA,NO DATA,NO DATA,NO DATA,NO DATA,NO DATA,NO DATA,NO DATA,NO DATA,NO DATA,NO DATA,NO DATA,NO DATA,NO DATA,44,46,45
,24-Aug-2019 20:45:00,B1.ASGO.PFE 1,G3,999.0,1001.0,999.0,483,485,483,996.0,1003.0,999.0,NO DATA,NO DATA,1.0,NO DATA,NO DATA,12,NO DATA,NO DATA,NO DATA,NO DATA,NO DATA,NO DATA,NO DATA,NO DATA,NO DATA
,24-Aug-2019 20:45:00,B1.ASGO.PFE 1.Converter1,G3,999.0,1000.0,999.0,270,271,270,NO DATA,NO DATA,NO DATA,NO DATA,NO DATA,NO DATA,NO DATA,NO DATA,NO DATA,NO DATA,NO DATA,NO DATA,NO DATA,NO DATA,NO DATA,29,30,29
,24-Aug-2019 20:45:00,B1.ASGO.PFE 1.Converter2,G3,999.0,1001.0,1000.0,265,267,266,NO DATA,NO DATA,NO DATA,NO DATA,NO DATA,NO DATA,NO DATA,NO DATA,NO DATA,NO DATA,NO DATA,NO DATA,NO DATA,NO DATA,NO DATA,37,39,38
,24-Aug-2019 20:45:00,T2.NZMA.PFE 1,G4,1000.0,1001.0,1000.0,5113,5114,5113,1000.0,1001.0,1000.0,0.0,1.0,0.0,12,12,12,990.0,992.0,991.0,0.0,0.0,0.0,NO DATA,NO DATA,NO DATA
,24-Aug-2019 20:45:00,T2.NZMA.PFE 1.Converter1,G4,999.0,1000.0,999.0,1040,1043,1041,NO DATA,NO DATA,NO DATA,NO DATA,NO DATA,NO DATA,NO DATA,NO DATA,NO DATA,NO DATA,NO DATA,NO DATA,NO DATA,NO DATA,NO DATA,42,45,43
,24-Aug-2019 20:45:00,T2.NZMA.PFE 1.Converter2,G4,999.0,1000.0,999.0,1052,1053,1052,NO DATA,NO DATA,NO DATA,NO DATA,NO DATA,NO DATA,NO DATA,NO DATA,NO DATA,NO DATA,NO DATA,NO DATA,NO DATA,NO DATA,NO DATA,42,44,43
,24-Aug-2019 20:45:00,T2.NZMA.PFE 1.Converter3,G4,1000.0,1000.0,1000.0,1023,1026,1025,NO DATA,NO DATA,NO DATA,NO DATA,NO DATA,NO DATA,NO DATA,NO DATA,NO DATA,NO DATA,NO DATA,NO DATA,NO DATA,NO DATA,NO DATA,42,45,43
,24-Aug-2019 20:45:00,T2.NZMA.PFE 1.Converter4,G4,1000.0,1001.0,1000.0,999,1000,999,NO DATA,NO DATA,NO DATA,NO DATA,NO DATA,NO DATA,NO DATA,NO DATA,NO DATA,NO DATA,NO DATA,NO DATA,NO DATA,NO DATA,NO DATA,42,44,43
,24-Aug-2019 20:45:00,T2.NZMA.PFE 1.Converter5,G4,999.0,1000.0,999.0,1070,1071,1070,NO DATA,NO DATA,NO DATA,NO DATA,NO DATA,NO DATA,NO DATA,NO DATA,NO DATA,NO DATA,NO DATA,NO DATA,NO DATA,NO DATA,NO DATA,42,44,43
,24-Aug-2019 20:45:00,T3.AUSY.PFE 1,G3,999.0,1001.0,999.0,2503,2504,2503,995.0,1003.0,998.0,NO DATA,NO DATA,1.0,NO DATA,NO DATA,13,NO DATA,NO DATA,NO DATA,NO DATA,NO DATA,NO DATA,NO DATA,NO DATA,NO DATA
,24-Aug-2019 20:45:00,T3.AUSY.PFE 1.Converter1,G3,999.0,1000.0,999.0,1259,1261,1260,NO DATA,NO DATA,NO DATA,NO DATA,NO DATA,NO DATA,NO DATA,NO DATA,NO DATA,NO DATA,NO DATA,NO DATA,NO DATA,NO DATA,NO DATA,39,42,40
,24-Aug-2019 20:45:00,T3.AUSY.PFE 1.Converter2,G3,999.0,1000.0,999.0,1294,1296,1294,NO DATA,NO DATA,NO DATA,NO DATA,NO DATA,NO DATA,NO DATA,NO DATA,NO DATA,NO DATA,NO DATA,NO DATA,NO DATA,NO DATA,NO DATA,37,38,37
,24-Aug-2019 20:45:00,T4.USPA.PFE 1,G4,998.0,1000.0,998.0,5268,5269,5268,998.0,1000.0,998.0,1.0,2.0,1.0,73,96,85,955.0,957.0,956.0,0.0,0.0,0.0,NO DATA,NO DATA,NO DATA
,24-Aug-2019 20:45:00,T4.USPA.PFE 1.Converter1,G4,997.0,999.0,998.0,1773,1776,1774,NO DATA,NO DATA,NO DATA,NO DATA,NO DATA,NO DATA,NO DATA,NO DATA,NO DATA,NO DATA,NO DATA,NO DATA,NO DATA,NO DATA,NO DATA,42,44,42
,24-Aug-2019 20:45:00,T4.USPA.PFE 1.Converter2,G4,997.0,999.0,998.0,1739,1742,1741,NO DATA,NO DATA,NO DATA,NO DATA,NO DATA,NO DATA,NO DATA,NO DATA,NO DATA,NO DATA,NO DATA,NO DATA,NO DATA,NO DATA,NO DATA,42,43,42
,24-Aug-2019 20:45:00,T4.USPA.PFE 1.Converter3,G4,997.0,998.0,997.0,1807,1809,1808,NO DATA,NO DATA,NO DATA,NO DATA,NO DATA,NO DATA,NO DATA,NO DATA,NO DATA,NO DATA,NO DATA,NO DATA,NO DATA,NO DATA,NO DATA,42,45,43
,24-Aug-2019 20:45:00,T5.HIKA.PFE 1,G4,1000.0,1000.0,1000.0,5087,5088,5087,1000.0,1000.0,1000.0,0.0,1.0,0.0,11,13,11,992.0,993.0,992.0,0.0,0.0,0.0,NO DATA,NO DATA,NO DATA
,24-Aug-2019 20:45:00,T5.HIKA.PFE 1.Converter1,G4,1000.0,1000.0,1000.0,999,1002,1000,NO DATA,NO DATA,NO DATA,NO DATA,NO DATA,NO DATA,NO DATA,NO DATA,NO DATA,NO DATA,NO DATA,NO DATA,NO DATA,NO DATA,NO DATA,42,44,43
,24-Aug-2019 20:45:00,T5.HIKA.PFE 1.Converter2,G4,999.0,1000.0,999.0,1089,1091,1090,NO DATA,NO DATA,NO DATA,NO DATA,NO DATA,NO DATA,NO DATA,NO DATA,NO DATA,NO DATA,NO DATA,NO DATA,NO DATA,NO DATA,NO DATA,42,45,43
,24-Aug-2019 20:45:00,T5.HIKA.PFE 1.Converter3,G4,999.0,1000.0,999.0,1067,1069,1067,NO DATA,NO DATA,NO DATA,NO DATA,NO DATA,NO DATA,NO DATA,NO DATA,NO DATA,NO DATA,NO DATA,NO DATA,NO DATA,NO DATA,NO DATA,42,45,43
,24-Aug-2019 20:45:00,T5.HIKA.PFE 1.Converter4,G4,999.0,1000.0,999.0,1002,1006,1003,NO DATA,NO DATA,NO DATA,NO DATA,NO DATA,NO DATA,NO DATA,NO DATA,NO DATA,NO DATA,NO DATA,NO DATA,NO DATA,NO DATA,NO DATA,42,44,43
,24-Aug-2019 20:45:00,T5.HIKA.PFE 1.Converter5,G4,999.0,1000.0,999.0,1000,1002,1001,NO DATA,NO DATA,NO DATA,NO DATA,NO DATA,NO DATA,NO DATA,NO DATA,NO DATA,NO DATA,NO DATA,NO DATA,NO DATA,NO DATA,NO DATA,42,46,43
,24-Aug-2019 21:00:00,B1.ASGO.PFE 1,G3,999.0,1001.0,1000.0,483,485,483,997.0,1003.0,999.0,NO DATA,NO DATA,1.0,NO DATA,NO DATA,12,NO DATA,NO DATA,NO DATA,NO DATA,NO DATA,NO DATA,NO DATA,NO DATA,NO DATA
,24-Aug-2019 21:00:00,B1.ASGO.PFE 1.Converter1,G3,999.0,1000.0,999.0,270,271,270,NO DATA,NO DATA,NO DATA,NO DATA,NO DATA,NO DATA,NO DATA,NO DATA,NO DATA,NO DATA,NO DATA,NO DATA,NO DATA,NO DATA,NO DATA,30,31,30
,24-Aug-2019 21:00:00,B1.ASGO.PFE 1.Converter2,G3,999.0,1001.0,1000.0,265,267,265,NO DATA,NO DATA,NO DATA,NO DATA,NO DATA,NO DATA,NO DATA,NO DATA,NO DATA,NO DATA,NO DATA,NO DATA,NO DATA,NO DATA,NO DATA,37,40,38
,24-Aug-2019 21:00:00,T2.NZMA.PFE 1,G4,1000.0,1001.0,1000.0,5113,5114,5113,1000.0,1001.0,1000.0,0.0,1.0,0.0,12,12,12,990.0,992.0,991.0,0.0,0.0,0.0,NO DATA,NO DATA,NO DATA
,24-Aug-2019 21:00:00,T2.NZMA.PFE 1.Converter1,G4,999.0,1000.0,999.0,1040,1043,1041,NO DATA,NO DATA,NO DATA,NO DATA,NO DATA,NO DATA,NO DATA,NO DATA,NO DATA,NO DATA,NO DATA,NO DATA,NO DATA,NO DATA,NO DATA,42,44,43
,24-Aug-2019 21:00:00,T2.NZMA.PFE 1.Converter2,G4,999.0,1000.0,999.0,1052,1053,1052,NO DATA,NO DATA,NO DATA,NO DATA,NO DATA,NO DATA,NO DATA,NO DATA,NO DATA,NO DATA,NO DATA,NO DATA,NO DATA,NO DATA,NO DATA,42,45,43
,24-Aug-2019 21:00:00,T2.NZMA.PFE 1.Converter3,G4,1000.0,1001.0,1000.0,1023,1027,1025,NO DATA,NO DATA,NO DATA,NO DATA,NO DATA,NO DATA,NO DATA,NO DATA,NO DATA,NO DATA,NO DATA,NO DATA,NO DATA,NO DATA,NO DATA,42,44,43
,24-Aug-2019 21:00:00,T2.NZMA.PFE 1.Converter4,G4,1000.0,1001.0,1000.0,999,1000,999,NO DATA,NO DATA,NO DATA,NO DATA,NO DATA,NO DATA,NO DATA,NO DATA,NO DATA,NO DATA,NO DATA,NO DATA,NO DATA,NO DATA,NO DATA,42,44,43
,24-Aug-2019 21:00:00,T2.NZMA.PFE 1.Converter5,G4,999.0,1000.0,999.0,1070,1071,1070,NO DATA,NO DATA,NO DATA,NO DATA,NO DATA,NO DATA,NO DATA,NO DATA,NO DATA,NO DATA,NO DATA,NO DATA,NO DATA,NO DATA,NO DATA,42,45,43
,24-Aug-2019 21:00:00,T3.AUSY.PFE 1,G3,998.0,1001.0,999.0,2503,2505,2503,992.0,1014.0,998.0,NO DATA,NO DATA,1.0,NO DATA,NO DATA,13,NO DATA,NO DATA,NO DATA,NO DATA,NO DATA,NO DATA,NO DATA,NO DATA,NO DATA
,24-Aug-2019 21:00:00,T3.AUSY.PFE 1.Converter1,G3,998.0,1001.0,999.0,1259,1261,1260,NO DATA,NO DATA,NO DATA,NO DATA,NO DATA,NO DATA,NO DATA,NO DATA,NO DATA,NO DATA,NO DATA,NO DATA,NO DATA,NO DATA,NO DATA,39,42,40
,24-Aug-2019 21:00:00,T3.AUSY.PFE 1.Converter2,G3,998.0,1001.0,999.0,1294,1295,1294,NO DATA,NO DATA,NO DATA,NO DATA,NO DATA,NO DATA,NO DATA,NO DATA,NO DATA,NO DATA,NO DATA,NO DATA,NO DATA,NO DATA,NO DATA,37,38,37
,24-Aug-2019 21:00:00,T4.USPA.PFE 1,G4,998.0,1000.0,998.0,5268,5269,5268,998.0,1000.0,998.0,1.0,2.0,1.0,74,96,84,955.0,957.0,956.0,0.0,0.0,0.0,NO DATA,NO DATA,NO DATA
,24-Aug-2019 21:00:00,T4.USPA.PFE 1.Converter1,G4,997.0,999.0,998.0,1773,1776,1774,NO DATA,NO DATA,NO DATA,NO DATA,NO DATA,NO DATA,NO DATA,NO DATA,NO DATA,NO DATA,NO DATA,NO DATA,NO DATA,NO DATA,NO DATA,42,45,43
,24-Aug-2019 21:00:00,T4.USPA.PFE 1.Converter2,G4,997.0,999.0,998.0,1740,1742,1741,NO DATA,NO DATA,NO DATA,NO DATA,NO DATA,NO DATA,NO DATA,NO DATA,NO DATA,NO DATA,NO DATA,NO DATA,NO DATA,NO DATA,NO DATA,42,43,42
,24-Aug-2019 21:00:00,T4.USPA.PFE 1.Converter3,G4,997.0,998.0,997.0,1807,1809,1808,NO DATA,NO DATA,NO DATA,NO DATA,NO DATA,NO DATA,NO DATA,NO DATA,NO DATA,NO DATA,NO DATA,NO DATA,NO DATA,NO DATA,NO DATA,42,45,43
,24-Aug-2019 21:00:00,T5.HIKA.PFE 1,G4,1000.0,1000.0,1000.0,5086,5088,5086,1000.0,1000.0,1000.0,0.0,1.0,0.0,11,13,11,992.0,993.0,992.0,0.0,0.0,0.0,NO DATA,NO DATA,NO DATA
,24-Aug-2019 21:00:00,T5.HIKA.PFE 1.Converter1,G4,1000.0,1000.0,1000.0,999,1002,1000,NO DATA,NO DATA,NO DATA,NO DATA,NO DATA,NO DATA,NO DATA,NO DATA,NO DATA,NO DATA,NO DATA,NO DATA,NO DATA,NO DATA,NO DATA,42,45,43
,24-Aug-2019 21:00:00,T5.HIKA.PFE 1.Converter2,G4,999.0,1000.0,999.0,1089,1091,1090,NO DATA,NO DATA,NO DATA,NO DATA,NO DATA,NO DATA,NO DATA,NO DATA,NO DATA,NO DATA,NO DATA,NO DATA,NO DATA,NO DATA,NO DATA,42,44,43
,24-Aug-2019 21:00:00,T5.HIKA.PFE 1.Converter3,G4,999.0,1000.0,999.0,1067,1069,1067,NO DATA,NO DATA,NO DATA,NO DATA,NO DATA,NO DATA,NO DATA,NO DATA,NO DATA,NO DATA,NO DATA,NO DATA,NO DATA,NO DATA,NO DATA,42,44,43
,24-Aug-2019 21:00:00,T5.HIKA.PFE 1.Converter4,G4,999.0,1000.0,999.0,1002,1005,1002,NO DATA,NO DATA,NO DATA,NO DATA,NO DATA,NO DATA,NO DATA,NO DATA,NO DATA,NO DATA,NO DATA,NO DATA,NO DATA,NO DATA,NO DATA,42,45,43
,24-Aug-2019 21:00:00,T5.HIKA.PFE 1.Converter5,G4,999.0,1000.0,999.0,1000,1002,1001,NO DATA,NO DATA,NO DATA,NO DATA,NO DATA,NO DATA,NO DATA,NO DATA,NO DATA,NO DATA,NO DATA,NO DATA,NO DATA,NO DATA,NO DATA,42,45,43
,24-Aug-2019 21:15:00,B1.ASGO.PFE 1,G3,999.0,1001.0,999.0,483,485,483,996.0,1002.0,999.0,NO DATA,NO DATA,1.0,NO DATA,NO DATA,12,NO DATA,NO DATA,NO DATA,NO DATA,NO DATA,NO DATA,NO DATA,NO DATA,NO DATA
,24-Aug-2019 21:15:00,B1.ASGO.PFE 1.Converter1,G3,999.0,1000.0,999.0,270,271,270,NO DATA,NO DATA,NO DATA,NO DATA,NO DATA,NO DATA,NO DATA,NO DATA,NO DATA,NO DATA,NO DATA,NO DATA,NO DATA,NO DATA,NO DATA,30,31,30
,24-Aug-2019 21:15:00,B1.ASGO.PFE 1.Converter2,G3,999.0,1001.0,1000.0,265,266,265,NO DATA,NO DATA,NO DATA,NO DATA,NO DATA,NO DATA,NO DATA,NO DATA,NO DATA,NO DATA,NO DATA,NO DATA,NO DATA,NO DATA,NO DATA,37,40,38
,24-Aug-2019 21:15:00,T2.NZMA.PFE 1,G4,1000.0,1001.0,1000.0,5113,5114,5113,1000.0,1001.0,1000.0,0.0,1.0,0.0,12,12,12,991.0,992.0,991.0,0.0,0.0,0.0,NO DATA,NO DATA,NO DATA
,24-Aug-2019 21:15:00,T2.NZMA.PFE 1.Converter1,G4,999.0,1000.0,999.0,1040,1043,1041,NO DATA,NO DATA,NO DATA,NO DATA,NO DATA,NO DATA,NO DATA,NO DATA,NO DATA,NO DATA,NO DATA,NO DATA,NO DATA,NO DATA,NO DATA,42,45,43
,24-Aug-2019 21:15:00,T2.NZMA.PFE 1.Converter2,G4,999.0,1000.0,999.0,1052,1053,1052,NO DATA,NO DATA,NO DATA,NO DATA,NO DATA,NO DATA,NO DATA,NO DATA,NO DATA,NO DATA,NO DATA,NO DATA,NO DATA,NO DATA,NO DATA,42,44,42
,24-Aug-2019 21:15:00,T2.NZMA.PFE 1.Converter3,G4,1000.0,1001.0,1000.0,1023,1027,1025,NO DATA,NO DATA,NO DATA,NO DATA,NO DATA,NO DATA,NO DATA,NO DATA,NO DATA,NO DATA,NO DATA,NO DATA,NO DATA,NO DATA,NO DATA,42,44,43
,24-Aug-2019 21:15:00,T2.NZMA.PFE 1.Converter4,G4,1000.0,1001.0,1000.0,999,1000,999,NO DATA,NO DATA,NO DATA,NO DATA,NO DATA,NO DATA,NO DATA,NO DATA,NO DATA,NO DATA,NO DATA,NO DATA,NO DATA,NO DATA,NO DATA,42,44,43
,24-Aug-2019 21:15:00,T2.NZMA.PFE 1.Converter5,G4,999.0,1000.0,999.0,1070,1071,1070,NO DATA,NO DATA,NO DATA,NO DATA,NO DATA,NO DATA,NO DATA,NO DATA,NO DATA,NO DATA,NO DATA,NO DATA,NO DATA,NO DATA,NO DATA,42,45,43
,24-Aug-2019 21:15:00,T3.AUSY.PFE 1,G3,999.0,1001.0,999.0,2503,2504,2503,994.0,1004.0,998.0,NO DATA,NO DATA,1.0,NO DATA,NO DATA,13,NO DATA,NO DATA,NO DATA,NO DATA,NO DATA,NO DATA,NO DATA,NO DATA,NO DATA
,24-Aug-2019 21:15:00,T3.AUSY.PFE 1.Converter1,G3,999.0,1000.0,999.0,1259,1261,1259,NO DATA,NO DATA,NO DATA,NO DATA,NO DATA,NO DATA,NO DATA,NO DATA,NO DATA,NO DATA,NO DATA,NO DATA,NO DATA,NO DATA,NO DATA,39,42,40
,24-Aug-2019 21:15:00,T3.AUSY.PFE 1.Converter2,G3,999.0,1000.0,999.0,1294,1295,1294,NO DATA,NO DATA,NO DATA,NO DATA,NO DATA,NO DATA,NO DATA,NO DATA,NO DATA,NO DATA,NO DATA,NO DATA,NO DATA,NO DATA,NO DATA,37,38,37
,24-Aug-2019 21:15:00,T4.USPA.PFE 1,G4,998.0,1000.0,998.0,5268,5269,5268,998.0,1000.0,998.0,1.0,2.0,1.0,73,96,85,955.0,957.0,956.0,0.0,0.0,0.0,NO DATA,NO DATA,NO DATA
,24-Aug-2019 21:15:00,T4.USPA.PFE 1.Converter1,G4,997.0,999.0,998.0,1773,1775,1774,NO DATA,NO DATA,NO DATA,NO DATA,NO DATA,NO DATA,NO DATA,NO DATA,NO DATA,NO DATA,NO DATA,NO DATA,NO DATA,NO DATA,NO DATA,42,44,43
,24-Aug-2019 21:15:00,T4.USPA.PFE 1.Converter2,G4,997.0,999.0,998.0,1740,1743,1741,NO DATA,NO DATA,NO DATA,NO DATA,NO DATA,NO DATA,NO DATA,NO DATA,NO DATA,NO DATA,NO DATA,NO DATA,NO DATA,NO DATA,NO DATA,42,44,42
,24-Aug-2019 21:15:00,T4.USPA.PFE 1.Converter3,G4,996.0,999.0,997.0,1807,1809,1808,NO DATA,NO DATA,NO DATA,NO DATA,NO DATA,NO DATA,NO DATA,NO DATA,NO DATA,NO DATA,NO DATA,NO DATA,NO DATA,NO DATA,NO DATA,42,45,43
,24-Aug-2019 21:15:00,T5.HIKA.PFE 1,G4,1000.0,1000.0,1000.0,5086,5087,5086,1000.0,1000.0,1000.0,0.0,1.0,0.0,11,13,11,992.0,993.0,992.0,0.0,0.0,0.0,NO DATA,NO DATA,NO DATA
,24-Aug-2019 21:15:00,T5.HIKA.PFE 1.Converter1,G4,1000.0,1000.0,1000.0,999,1001,1000,NO DATA,NO DATA,NO DATA,NO DATA,NO DATA,NO DATA,NO DATA,NO DATA,NO DATA,NO DATA,NO DATA,NO DATA,NO DATA,NO DATA,NO DATA,42,45,43
,24-Aug-2019 21:15:00,T5.HIKA.PFE 1.Converter2,G4,999.0,1000.0,999.0,1088,1091,1089,NO DATA,NO DATA,NO DATA,NO DATA,NO DATA,NO DATA,NO DATA,NO DATA,NO DATA,NO DATA,NO DATA,NO DATA,NO DATA,NO DATA,NO DATA,42,45,43
,24-Aug-2019 21:15:00,T5.HIKA.PFE 1.Converter3,G4,999.0,1000.0,999.0,1067,1069,1067,NO DATA,NO DATA,NO DATA,NO DATA,NO DATA,NO DATA,NO DATA,NO DATA,NO DATA,NO DATA,NO DATA,NO DATA,NO DATA,NO DATA,NO DATA,42,45,43
,24-Aug-2019 21:15:00,T5.HIKA.PFE 1.Converter4,G4,999.0,1000.0,999.0,1002,1005,1002,NO DATA,NO DATA,NO DATA,NO DATA,NO DATA,NO DATA,NO DATA,NO DATA,NO DATA,NO DATA,NO DATA,NO DATA,NO DATA,NO DATA,NO DATA,42,45,43
,24-Aug-2019 21:15:00,T5.HIKA.PFE 1.Converter5,G4,999.0,1000.0,999.0,1000,1002,1001,NO DATA,NO DATA,NO DATA,NO DATA,NO DATA,NO DATA,NO DATA,NO DATA,NO DATA,NO DATA,NO DATA,NO DATA,NO DATA,NO DATA,NO DATA,42,45,43
,24-Aug-2019 21:30:00,B1.ASGO.PFE 1,G3,999.0,1001.0,999.0,483,485,483,995.0,1003.0,999.0,NO DATA,NO DATA,1.0,NO DATA,NO DATA,12,NO DATA,NO DATA,NO DATA,NO DATA,NO DATA,NO DATA,NO DATA,NO DATA,NO DATA
,24-Aug-2019 21:30:00,B1.ASGO.PFE 1.Converter1,G3,999.0,1000.0,999.0,270,271,270,NO DATA,NO DATA,NO DATA,NO DATA,NO DATA,NO DATA,NO DATA,NO DATA,NO DATA,NO DATA,NO DATA,NO DATA,NO DATA,NO DATA,NO DATA,28,31,29
,24-Aug-2019 21:30:00,B1.ASGO.PFE 1.Converter2,G3,999.0,1001.0,1000.0,265,267,265,NO DATA,NO DATA,NO DATA,NO DATA,NO DATA,NO DATA,NO DATA,NO DATA,NO DATA,NO DATA,NO DATA,NO DATA,NO DATA,NO DATA,NO DATA,37,40,38
,24-Aug-2019 21:30:00,T2.NZMA.PFE 1,G4,1000.0,1001.0,1000.0,5112,5114,5113,1000.0,1001.0,1000.0,0.0,1.0,0.0,12,12,12,991.0,992.0,991.0,0.0,0.0,0.0,NO DATA,NO DATA,NO DATA
,24-Aug-2019 21:30:00,T2.NZMA.PFE 1.Converter1,G4,999.0,1000.0,999.0,1040,1043,1041,NO DATA,NO DATA,NO DATA,NO DATA,NO DATA,NO DATA,NO DATA,NO DATA,NO DATA,NO DATA,NO DATA,NO DATA,NO DATA,NO DATA,NO DATA,42,45,43
,24-Aug-2019 21:30:00,T2.NZMA.PFE 1.Converter2,G4,999.0,1000.0,999.0,1052,1053,1052,NO DATA,NO DATA,NO DATA,NO DATA,NO DATA,NO DATA,NO DATA,NO DATA,NO DATA,NO DATA,NO DATA,NO DATA,NO DATA,NO DATA,NO DATA,42,44,43
,24-Aug-2019 21:30:00,T2.NZMA.PFE 1.Converter3,G4,1000.0,1001.0,1000.0,1023,1026,1025,NO DATA,NO DATA,NO DATA,NO DATA,NO DATA,NO DATA,NO DATA,NO DATA,NO DATA,NO DATA,NO DATA,NO DATA,NO DATA,NO DATA,NO DATA,42,45,43
,24-Aug-2019 21:30:00,T2.NZMA.PFE 1.Converter4,G4,1000.0,1001.0,1000.0,999,1000,999,NO DATA,NO DATA,NO DATA,NO DATA,NO DATA,NO DATA,NO DATA,NO DATA,NO DATA,NO DATA,NO DATA,NO DATA,NO DATA,NO DATA,NO DATA,42,44,43
,24-Aug-2019 21:30:00,T2.NZMA.PFE 1.Converter5,G4,999.0,1000.0,999.0,1070,1071,1070,NO DATA,NO DATA,NO DATA,NO DATA,NO DATA,NO DATA,NO DATA,NO DATA,NO DATA,NO DATA,NO DATA,NO DATA,NO DATA,NO DATA,NO DATA,42,44,43
,24-Aug-2019 21:30:00,T3.AUSY.PFE 1,G3,999.0,1001.0,1000.0,2502,2504,2502,994.0,1004.0,998.0,NO DATA,NO DATA,1.0,NO DATA,NO DATA,13,NO DATA,NO DATA,NO DATA,NO DATA,NO DATA,NO DATA,NO DATA,NO DATA,NO DATA
,24-Aug-2019 21:30:00,T3.AUSY.PFE 1.Converter1,G3,999.0,1000.0,999.0,1259,1261,1259,NO DATA,NO DATA,NO DATA,NO DATA,NO DATA,NO DATA,NO DATA,NO DATA,NO DATA,NO DATA,NO DATA,NO DATA,NO DATA,NO DATA,NO DATA,39,42,40
,24-Aug-2019 21:30:00,T3.AUSY.PFE 1.Converter2,G3,999.0,1000.0,999.0,1293,1295,1294,NO DATA,NO DATA,NO DATA,NO DATA,NO DATA,NO DATA,NO DATA,NO DATA,NO DATA,NO DATA,NO DATA,NO DATA,NO DATA,NO DATA,NO DATA,37,38,37
,24-Aug-2019 21:30:00,T4.USPA.PFE 1,G4,998.0,1000.0,998.0,5268,5269,5268,998.0,1000.0,998.0,1.0,2.0,1.0,74,96,85,955.0,957.0,956.0,0.0,0.0,0.0,NO DATA,NO DATA,NO DATA
,24-Aug-2019 21:30:00,T4.USPA.PFE 1.Converter1,G4,997.0,999.0,998.0,1773,1776,1774,NO DATA,NO DATA,NO DATA,NO DATA,NO DATA,NO DATA,NO DATA,NO DATA,NO DATA,NO DATA,NO DATA,NO DATA,NO DATA,NO DATA,NO DATA,42,44,43
,24-Aug-2019 21:30:00,T4.USPA.PFE 1.Converter2,G4,997.0,999.0,998.0,1739,1742,1740,NO DATA,NO DATA,NO DATA,NO DATA,NO DATA,NO DATA,NO DATA,NO DATA,NO DATA,NO DATA,NO DATA,NO DATA,NO DATA,NO DATA,NO DATA,42,44,42
,24-Aug-2019 21:30:00,T4.USPA.PFE 1.Converter3,G4,996.0,999.0,997.0,1808,1809,1808,NO DATA,NO DATA,NO DATA,NO DATA,NO DATA,NO DATA,NO DATA,NO DATA,NO DATA,NO DATA,NO DATA,NO DATA,NO DATA,NO DATA,NO DATA,42,45,43
,24-Aug-2019 21:30:00,T5.HIKA.PFE 1,G4,1000.0,1000.0,1000.0,5086,5087,5086,1000.0,1000.0,1000.0,0.0,1.0,0.0,11,13,11,991.0,993.0,992.0,0.0,0.0,0.0,NO DATA,NO DATA,NO DATA
,24-Aug-2019 21:30:00,T5.HIKA.PFE 1.Converter1,G4,1000.0,1000.0,1000.0,999,1002,1000,NO DATA,NO DATA,NO DATA,NO DATA,NO DATA,NO DATA,NO DATA,NO DATA,NO DATA,NO DATA,NO DATA,NO DATA,NO DATA,NO DATA,NO DATA,42,46,44
,24-Aug-2019 21:30:00,T5.HIKA.PFE 1.Converter2,G4,999.0,1000.0,999.0,1089,1091,1089,NO DATA,NO DATA,NO DATA,NO DATA,NO DATA,NO DATA,NO DATA,NO DATA,NO DATA,NO DATA,NO DATA,NO DATA,NO DATA,NO DATA,NO DATA,42,48,44
,24-Aug-2019 21:30:00,T5.HIKA.PFE 1.Converter3,G4,999.0,1000.0,999.0,1067,1069,1067,NO DATA,NO DATA,NO DATA,NO DATA,NO DATA,NO DATA,NO DATA,NO DATA,NO DATA,NO DATA,NO DATA,NO DATA,NO DATA,NO DATA,NO DATA,42,47,44
,24-Aug-2019 21:30:00,T5.HIKA.PFE 1.Converter4,G4,999.0,1000.0,999.0,1002,1006,1003,NO DATA,NO DATA,NO DATA,NO DATA,NO DATA,NO DATA,NO DATA,NO DATA,NO DATA,NO DATA,NO DATA,NO DATA,NO DATA,NO DATA,NO DATA,42,47,44
,24-Aug-2019 21:30:00,T5.HIKA.PFE 1.Converter5,G4,999.0,1000.0,999.0,1000,1002,1001,NO DATA,NO DATA,NO DATA,NO DATA,NO DATA,NO DATA,NO DATA,NO DATA,NO DATA,NO DATA,NO DATA,NO DATA,NO DATA,NO DATA,NO DATA,42,47,44
,24-Aug-2019 21:45:00,B1.ASGO.PFE 1,G3,999.0,1001.0,999.0,483,485,483,996.0,1003.0,999.0,NO DATA,NO DATA,1.0,NO DATA,NO DATA,12,NO DATA,NO DATA,NO DATA,NO DATA,NO DATA,NO DATA,NO DATA,NO DATA,NO DATA
,24-Aug-2019 21:45:00,B1.ASGO.PFE 1.Converter1,G3,999.0,1000.0,999.0,270,271,270,NO DATA,NO DATA,NO DATA,NO DATA,NO DATA,NO DATA,NO DATA,NO DATA,NO DATA,NO DATA,NO DATA,NO DATA,NO DATA,NO DATA,NO DATA,28,29,28
,24-Aug-2019 21:45:00,B1.ASGO.PFE 1.Converter2,G3,999.0,1001.0,1000.0,265,267,265,NO DATA,NO DATA,NO DATA,NO DATA,NO DATA,NO DATA,NO DATA,NO DATA,NO DATA,NO DATA,NO DATA,NO DATA,NO DATA,NO DATA,NO DATA,36,39,37
,24-Aug-2019 21:45:00,T2.NZMA.PFE 1,G4,1000.0,1001.0,1000.0,5112,5114,5112,1000.0,1001.0,1000.0,0.0,1.0,0.0,12,12,12,990.0,992.0,991.0,0.0,0.0,0.0,NO DATA,NO DATA,NO DATA
,24-Aug-2019 21:45:00,T2.NZMA.PFE 1.Converter1,G4,999.0,1000.0,999.0,1040,1044,1041,NO DATA,NO DATA,NO DATA,NO DATA,NO DATA,NO DATA,NO DATA,NO DATA,NO DATA,NO DATA,NO DATA,NO DATA,NO DATA,NO DATA,NO DATA,42,45,43
,24-Aug-2019 21:45:00,T2.NZMA.PFE 1.Converter2,G4,999.0,1000.0,999.0,1052,1053,1052,NO DATA,NO DATA,NO DATA,NO DATA,NO DATA,NO DATA,NO DATA,NO DATA,NO DATA,NO DATA,NO DATA,NO DATA,NO DATA,NO DATA,NO DATA,42,44,43
,24-Aug-2019 21:45:00,T2.NZMA.PFE 1.Converter3,G4,1000.0,1001.0,1000.0,1023,1026,1024,NO DATA,NO DATA,NO DATA,NO DATA,NO DATA,NO DATA,NO DATA,NO DATA,NO DATA,NO DATA,NO DATA,NO DATA,NO DATA,NO DATA,NO DATA,42,45,43
,24-Aug-2019 21:45:00,T2.NZMA.PFE 1.Converter4,G4,1000.0,1001.0,1000.0,998,1000,998,NO DATA,NO DATA,NO DATA,NO DATA,NO DATA,NO DATA,NO DATA,NO DATA,NO DATA,NO DATA,NO DATA,NO DATA,NO DATA,NO DATA,NO DATA,42,45,43
,24-Aug-2019 21:45:00,T2.NZMA.PFE 1.Converter5,G4,999.0,1000.0,999.0,1070,1071,1070,NO DATA,NO DATA,NO DATA,NO DATA,NO DATA,NO DATA,NO DATA,NO DATA,NO DATA,NO DATA,NO DATA,NO DATA,NO DATA,NO DATA,NO DATA,42,45,43
,24-Aug-2019 21:45:00,T3.AUSY.PFE 1,G3,999.0,1001.0,1000.0,2502,2503,2502,993.0,1004.0,998.0,NO DATA,NO DATA,1.0,NO DATA,NO DATA,13,NO DATA,NO DATA,NO DATA,NO DATA,NO DATA,NO DATA,NO DATA,NO DATA,NO DATA
,24-Aug-2019 21:45:00,T3.AUSY.PFE 1.Converter1,G3,999.0,1000.0,999.0,1259,1261,1259,NO DATA,NO DATA,NO DATA,NO DATA,NO DATA,NO DATA,NO DATA,NO DATA,NO DATA,NO DATA,NO DATA,NO DATA,NO DATA,NO DATA,NO DATA,39,42,40
,24-Aug-2019 21:45:00,T3.AUSY.PFE 1.Converter2,G3,999.0,1000.0,999.0,1293,1295,1293,NO DATA,NO DATA,NO DATA,NO DATA,NO DATA,NO DATA,NO DATA,NO DATA,NO DATA,NO DATA,NO DATA,NO DATA,NO DATA,NO DATA,NO DATA,37,38,37
,24-Aug-2019 21:45:00,T4.USPA.PFE 1,G4,998.0,1000.0,998.0,5268,5269,5268,998.0,1000.0,998.0,1.0,2.0,1.0,73,97,85,955.0,957.0,956.0,0.0,0.0,0.0,NO DATA,NO DATA,NO DATA
,24-Aug-2019 21:45:00,T4.USPA.PFE 1.Converter1,G4,997.0,999.0,998.0,1773,1775,1774,NO DATA,NO DATA,NO DATA,NO DATA,NO DATA,NO DATA,NO DATA,NO DATA,NO DATA,NO DATA,NO DATA,NO DATA,NO DATA,NO DATA,NO DATA,42,44,43
,24-Aug-2019 21:45:00,T4.USPA.PFE 1.Converter2,G4,997.0,999.0,998.0,1739,1742,1741,NO DATA,NO DATA,NO DATA,NO DATA,NO DATA,NO DATA,NO DATA,NO DATA,NO DATA,NO DATA,NO DATA,NO DATA,NO DATA,NO DATA,NO DATA,42,43,42
,24-Aug-2019 21:45:00,T4.USPA.PFE 1.Converter3,G4,997.0,998.0,997.0,1807,1809,1808,NO DATA,NO DATA,NO DATA,NO DATA,NO DATA,NO DATA,NO DATA,NO DATA,NO DATA,NO DATA,NO DATA,NO DATA,NO DATA,NO DATA,NO DATA,42,45,43
,24-Aug-2019 21:45:00,T5.HIKA.PFE 1,G4,1000.0,1000.0,1000.0,5086,5087,5086,1000.0,1000.0,1000.0,0.0,1.0,0.0,11,13,11,992.0,993.0,992.0,0.0,0.0,0.0,NO DATA,NO DATA,NO DATA
,24-Aug-2019 21:45:00,T5.HIKA.PFE 1.Converter1,G4,1000.0,1000.0,1000.0,1000,1002,1000,NO DATA,NO DATA,NO DATA,NO DATA,NO DATA,NO DATA,NO DATA,NO DATA,NO DATA,NO DATA,NO DATA,NO DATA,NO DATA,NO DATA,NO DATA,42,45,44
,24-Aug-2019 21:45:00,T5.HIKA.PFE 1.Converter2,G4,999.0,1000.0,999.0,1089,1091,1089,NO DATA,NO DATA,NO DATA,NO DATA,NO DATA,NO DATA,NO DATA,NO DATA,NO DATA,NO DATA,NO DATA,NO DATA,NO DATA,NO DATA,NO DATA,45,48,46
,24-Aug-2019 21:45:00,T5.HIKA.PFE 1.Converter3,G4,1000.0,1000.0,1000.0,1067,1068,1067,NO DATA,NO DATA,NO DATA,NO DATA,NO DATA,NO DATA,NO DATA,NO DATA,NO DATA,NO DATA,NO DATA,NO DATA,NO DATA,NO DATA,NO DATA,44,47,45
,24-Aug-2019 21:45:00,T5.HIKA.PFE 1.Converter4,G4,999.0,1000.0,999.0,1002,1006,1003,NO DATA,NO DATA,NO DATA,NO DATA,NO DATA,NO DATA,NO DATA,NO DATA,NO DATA,NO DATA,NO DATA,NO DATA,NO DATA,NO DATA,NO DATA,44,47,45
,24-Aug-2019 21:45:00,T5.HIKA.PFE 1.Converter5,G4,999.0,1000.0,999.0,1000,1002,1001,NO DATA,NO DATA,NO DATA,NO DATA,NO DATA,NO DATA,NO DATA,NO DATA,NO DATA,NO DATA,NO DATA,NO DATA,NO DATA,NO DATA,NO DATA,45,48,46
,24-Aug-2019 22:00:00,B1.ASGO.PFE 1,G3,999.0,1001.0,999.0,483,485,483,996.0,1002.0,999.0,NO DATA,NO DATA,1.0,NO DATA,NO DATA,12,NO DATA,NO DATA,NO DATA,NO DATA,NO DATA,NO DATA,NO DATA,NO DATA,NO DATA
,24-Aug-2019 22:00:00,B1.ASGO.PFE 1.Converter1,G3,999.0,1000.0,999.0,270,271,270,NO DATA,NO DATA,NO DATA,NO DATA,NO DATA,NO DATA,NO DATA,NO DATA,NO DATA,NO DATA,NO DATA,NO DATA,NO DATA,NO DATA,NO DATA,27,28,27
,24-Aug-2019 22:00:00,B1.ASGO.PFE 1.Converter2,G3,999.0,1001.0,1000.0,265,267,266,NO DATA,NO DATA,NO DATA,NO DATA,NO DATA,NO DATA,NO DATA,NO DATA,NO DATA,NO DATA,NO DATA,NO DATA,NO DATA,NO DATA,NO DATA,36,38,37
,24-Aug-2019 22:00:00,T2.NZMA.PFE 1,G4,1000.0,1001.0,1000.0,5113,5114,5113,1000.0,1001.0,1000.0,0.0,1.0,0.0,12,12,12,990.0,992.0,991.0,0.0,0.0,0.0,NO DATA,NO DATA,NO DATA
,24-Aug-2019 22:00:00,T2.NZMA.PFE 1.Converter1,G4,999.0,1000.0,999.0,1041,1044,1041,NO DATA,NO DATA,NO DATA,NO DATA,NO DATA,NO DATA,NO DATA,NO DATA,NO DATA,NO DATA,NO DATA,NO DATA,NO DATA,NO DATA,NO DATA,42,45,43
,24-Aug-2019 22:00:00,T2.NZMA.PFE 1.Converter2,G4,999.0,1000.0,999.0,1052,1053,1052,NO DATA,NO DATA,NO DATA,NO DATA,NO DATA,NO DATA,NO DATA,NO DATA,NO DATA,NO DATA,NO DATA,NO DATA,NO DATA,NO DATA,NO DATA,42,44,43
,24-Aug-2019 22:00:00,T2.NZMA.PFE 1.Converter3,G4,1000.0,1001.0,1000.0,1023,1027,1024,NO DATA,NO DATA,NO DATA,NO DATA,NO DATA,NO DATA,NO DATA,NO DATA,NO DATA,NO DATA,NO DATA,NO DATA,NO DATA,NO DATA,NO DATA,42,44,43
,24-Aug-2019 22:00:00,T2.NZMA.PFE 1.Converter4,G4,1000.0,1001.0,1000.0,999,1000,999,NO DATA,NO DATA,NO DATA,NO DATA,NO DATA,NO DATA,NO DATA,NO DATA,NO DATA,NO DATA,NO DATA,NO DATA,NO DATA,NO DATA,NO DATA,42,44,43
,24-Aug-2019 22:00:00,T2.NZMA.PFE 1.Converter5,G4,999.0,1000.0,999.0,1070,1071,1070,NO DATA,NO DATA,NO DATA,NO DATA,NO DATA,NO DATA,NO DATA,NO DATA,NO DATA,NO DATA,NO DATA,NO DATA,NO DATA,NO DATA,NO DATA,42,45,43
,24-Aug-2019 22:00:00,T3.AUSY.PFE 1,G3,999.0,1001.0,1000.0,2502,2503,2502,993.0,1004.0,998.0,NO DATA,NO DATA,1.0,NO DATA,NO DATA,13,NO DATA,NO DATA,NO DATA,NO DATA,NO DATA,NO DATA,NO DATA,NO DATA,NO DATA
,24-Aug-2019 22:00:00,T3.AUSY.PFE 1.Converter1,G3,999.0,1000.0,999.0,1259,1260,1259,NO DATA,NO DATA,NO DATA,NO DATA,NO DATA,NO DATA,NO DATA,NO DATA,NO DATA,NO DATA,NO DATA,NO DATA,NO DATA,NO DATA,NO DATA,39,42,40
,24-Aug-2019 22:00:00,T3.AUSY.PFE 1.Converter2,G3,999.0,1000.0,999.0,1293,1294,1293,NO DATA,NO DATA,NO DATA,NO DATA,NO DATA,NO DATA,NO DATA,NO DATA,NO DATA,NO DATA,NO DATA,NO DATA,NO DATA,NO DATA,NO DATA,37,38,37
,24-Aug-2019 22:00:00,T4.USPA.PFE 1,G4,998.0,1000.0,998.0,5267,5269,5268,998.0,1000.0,998.0,1.0,2.0,1.0,73,97,85,955.0,957.0,956.0,0.0,0.0,0.0,NO DATA,NO DATA,NO DATA
,24-Aug-2019 22:00:00,T4.USPA.PFE 1.Converter1,G4,997.0,999.0,998.0,1772,1776,1773,NO DATA,NO DATA,NO DATA,NO DATA,NO DATA,NO DATA,NO DATA,NO DATA,NO DATA,NO DATA,NO DATA,NO DATA,NO DATA,NO DATA,NO DATA,42,44,43
,24-Aug-2019 22:00:00,T4.USPA.PFE 1.Converter2,G4,997.0,999.0,998.0,1740,1742,1741,NO DATA,NO DATA,NO DATA,NO DATA,NO DATA,NO DATA,NO DATA,NO DATA,NO DATA,NO DATA,NO DATA,NO DATA,NO DATA,NO DATA,NO DATA,42,44,42
,24-Aug-2019 22:00:00,T4.USPA.PFE 1.Converter3,G4,997.0,998.0,997.0,1807,1809,1808,NO DATA,NO DATA,NO DATA,NO DATA,NO DATA,NO DATA,NO DATA,NO DATA,NO DATA,NO DATA,NO DATA,NO DATA,NO DATA,NO DATA,NO DATA,42,45,43
,24-Aug-2019 22:00:00,T5.HIKA.PFE 1,G4,1000.0,1000.0,1000.0,5085,5086,5085,1000.0,1000.0,1000.0,0.0,1.0,0.0,11,13,11,992.0,993.0,992.0,0.0,0.0,0.0,NO DATA,NO DATA,NO DATA
,24-Aug-2019 22:00:00,T5.HIKA.PFE 1.Converter1,G4,1000.0,1000.0,1000.0,998,1001,1000,NO DATA,NO DATA,NO DATA,NO DATA,NO DATA,NO DATA,NO DATA,NO DATA,NO DATA,NO DATA,NO DATA,NO DATA,NO DATA,NO DATA,NO DATA,42,44,43
,24-Aug-2019 22:00:00,T5.HIKA.PFE 1.Converter2,G4,999.0,1000.0,999.0,1089,1090,1089,NO DATA,NO DATA,NO DATA,NO DATA,NO DATA,NO DATA,NO DATA,NO DATA,NO DATA,NO DATA,NO DATA,NO DATA,NO DATA,NO DATA,NO DATA,42,46,43
,24-Aug-2019 22:00:00,T5.HIKA.PFE 1.Converter3,G4,999.0,1000.0,999.0,1067,1068,1067,NO DATA,NO DATA,NO DATA,NO DATA,NO DATA,NO DATA,NO DATA,NO DATA,NO DATA,NO DATA,NO DATA,NO DATA,NO DATA,NO DATA,NO DATA,42,45,43
,24-Aug-2019 22:00:00,T5.HIKA.PFE 1.Converter4,G4,999.0,1000.0,999.0,1002,1005,1002,NO DATA,NO DATA,NO DATA,NO DATA,NO DATA,NO DATA,NO DATA,NO DATA,NO DATA,NO DATA,NO DATA,NO DATA,NO DATA,NO DATA,NO DATA,42,45,43
,24-Aug-2019 22:00:00,T5.HIKA.PFE 1.Converter5,G4,999.0,1000.0,999.0,1000,1002,1000,NO DATA,NO DATA,NO DATA,NO DATA,NO DATA,NO DATA,NO DATA,NO DATA,NO DATA,NO DATA,NO DATA,NO DATA,NO DATA,NO DATA,NO DATA,42,45,43
,24-Aug-2019 22:15:00,B1.ASGO.PFE 1,G3,999.0,1001.0,999.0,483,485,483,996.0,1003.0,999.0,NO DATA,NO DATA,1.0,NO DATA,NO DATA,12,NO DATA,NO DATA,NO DATA,NO DATA,NO DATA,NO DATA,NO DATA,NO DATA,NO DATA
,24-Aug-2019 22:15:00,B1.ASGO.PFE 1.Converter1,G3,999.0,1000.0,999.0,270,271,270,NO DATA,NO DATA,NO DATA,NO DATA,NO DATA,NO DATA,NO DATA,NO DATA,NO DATA,NO DATA,NO DATA,NO DATA,NO DATA,NO DATA,NO DATA,27,28,27
,24-Aug-2019 22:15:00,B1.ASGO.PFE 1.Converter2,G3,999.0,1001.0,1000.0,265,267,266,NO DATA,NO DATA,NO DATA,NO DATA,NO DATA,NO DATA,NO DATA,NO DATA,NO DATA,NO DATA,NO DATA,NO DATA,NO DATA,NO DATA,NO DATA,35,38,36
,24-Aug-2019 22:15:00,T2.NZMA.PFE 1,G4,1000.0,1001.0,1000.0,5113,5114,5113,1000.0,1001.0,1000.0,0.0,1.0,0.0,12,13,12,990.0,992.0,991.0,0.0,0.0,0.0,NO DATA,NO DATA,NO DATA
,24-Aug-2019 22:15:00,T2.NZMA.PFE 1.Converter1,G4,999.0,1000.0,999.0,1040,1043,1041,NO DATA,NO DATA,NO DATA,NO DATA,NO DATA,NO DATA,NO DATA,NO DATA,NO DATA,NO DATA,NO DATA,NO DATA,NO DATA,NO DATA,NO DATA,42,45,43
,24-Aug-2019 22:15:00,T2.NZMA.PFE 1.Converter2,G4,999.0,1000.0,999.0,1051,1053,1052,NO DATA,NO DATA,NO DATA,NO DATA,NO DATA,NO DATA,NO DATA,NO DATA,NO DATA,NO DATA,NO DATA,NO DATA,NO DATA,NO DATA,NO DATA,42,45,43
,24-Aug-2019 22:15:00,T2.NZMA.PFE 1.Converter3,G4,1000.0,1000.0,1000.0,1024,1027,1025,NO DATA,NO DATA,NO DATA,NO DATA,NO DATA,NO DATA,NO DATA,NO DATA,NO DATA,NO DATA,NO DATA,NO DATA,NO DATA,NO DATA,NO DATA,42,45,43
,24-Aug-2019 22:15:00,T2.NZMA.PFE 1.Converter4,G4,1000.0,1001.0,1000.0,999,1000,999,NO DATA,NO DATA,NO DATA,NO DATA,NO DATA,NO DATA,NO DATA,NO DATA,NO DATA,NO DATA,NO DATA,NO DATA,NO DATA,NO DATA,NO DATA,42,44,43
,24-Aug-2019 22:15:00,T2.NZMA.PFE 1.Converter5,G4,999.0,1000.0,999.0,1070,1071,1070,NO DATA,NO DATA,NO DATA,NO DATA,NO DATA,NO DATA,NO DATA,NO DATA,NO DATA,NO DATA,NO DATA,NO DATA,NO DATA,NO DATA,NO DATA,42,44,43
,24-Aug-2019 22:15:00,T3.AUSY.PFE 1,G3,999.0,1001.0,1000.0,2501,2503,2502,994.0,1004.0,998.0,NO DATA,NO DATA,1.0,NO DATA,NO DATA,13,NO DATA,NO DATA,NO DATA,NO DATA,NO DATA,NO DATA,NO DATA,NO DATA,NO DATA
,24-Aug-2019 22:15:00,T3.AUSY.PFE 1.Converter1,G3,999.0,1000.0,999.0,1259,1260,1259,NO DATA,NO DATA,NO DATA,NO DATA,NO DATA,NO DATA,NO DATA,NO DATA,NO DATA,NO DATA,NO DATA,NO DATA,NO DATA,NO DATA,NO DATA,39,42,40
,24-Aug-2019 22:15:00,T3.AUSY.PFE 1.Converter2,G3,999.0,1000.0,999.0,1293,1294,1293,NO DATA,NO DATA,NO DATA,NO DATA,NO DATA,NO DATA,NO DATA,NO DATA,NO DATA,NO DATA,NO DATA,NO DATA,NO DATA,NO DATA,NO DATA,37,38,37
,24-Aug-2019 22:15:00,T4.USPA.PFE 1,G4,998.0,1000.0,998.0,5267,5268,5267,998.0,1000.0,998.0,1.0,2.0,1.0,74,96,84,955.0,957.0,956.0,0.0,0.0,0.0,NO DATA,NO DATA,NO DATA
,24-Aug-2019 22:15:00,T4.USPA.PFE 1.Converter1,G4,998.0,999.0,998.0,1773,1775,1773,NO DATA,NO DATA,NO DATA,NO DATA,NO DATA,NO DATA,NO DATA,NO DATA,NO DATA,NO DATA,NO DATA,NO DATA,NO DATA,NO DATA,NO DATA,42,44,43
,24-Aug-2019 22:15:00,T4.USPA.PFE 1.Converter2,G4,997.0,999.0,998.0,1739,1742,1740,NO DATA,NO DATA,NO DATA,NO DATA,NO DATA,NO DATA,NO DATA,NO DATA,NO DATA,NO DATA,NO DATA,NO DATA,NO DATA,NO DATA,NO DATA,42,44,43
,24-Aug-2019 22:15:00,T4.USPA.PFE 1.Converter3,G4,997.0,999.0,997.0,1807,1809,1808,NO DATA,NO DATA,NO DATA,NO DATA,NO DATA,NO DATA,NO DATA,NO DATA,NO DATA,NO DATA,NO DATA,NO DATA,NO DATA,NO DATA,NO DATA,42,45,43
,24-Aug-2019 22:15:00,T5.HIKA.PFE 1,G4,1000.0,1000.0,1000.0,5084,5086,5084,1000.0,1000.0,1000.0,0.0,1.0,0.0,11,13,11,992.0,993.0,992.0,0.0,0.0,0.0,NO DATA,NO DATA,NO DATA
,24-Aug-2019 22:15:00,T5.HIKA.PFE 1.Converter1,G4,1000.0,1000.0,1000.0,1000,1002,1000,NO DATA,NO DATA,NO DATA,NO DATA,NO DATA,NO DATA,NO DATA,NO DATA,NO DATA,NO DATA,NO DATA,NO DATA,NO DATA,NO DATA,NO DATA,42,44,43
,24-Aug-2019 22:15:00,T5.HIKA.PFE 1.Converter2,G4,999.0,1000.0,999.0,1087,1090,1089,NO DATA,NO DATA,NO DATA,NO DATA,NO DATA,NO DATA,NO DATA,NO DATA,NO DATA,NO DATA,NO DATA,NO DATA,NO DATA,NO DATA,NO DATA,43,45,43
,24-Aug-2019 22:15:00,T5.HIKA.PFE 1.Converter3,G4,999.0,1000.0,999.0,1067,1068,1067,NO DATA,NO DATA,NO DATA,NO DATA,NO DATA,NO DATA,NO DATA,NO DATA,NO DATA,NO DATA,NO DATA,NO DATA,NO DATA,NO DATA,NO DATA,42,45,43
,24-Aug-2019 22:15:00,T5.HIKA.PFE 1.Converter4,G4,999.0,1000.0,999.0,1002,1004,1002,NO DATA,NO DATA,NO DATA,NO DATA,NO DATA,NO DATA,NO DATA,NO DATA,NO DATA,NO DATA,NO DATA,NO DATA,NO DATA,NO DATA,NO DATA,42,45,43
,24-Aug-2019 22:15:00,T5.HIKA.PFE 1.Converter5,G4,999.0,1000.0,999.0,1000,1002,1000,NO DATA,NO DATA,NO DATA,NO DATA,NO DATA,NO DATA,NO DATA,NO DATA,NO DATA,NO DATA,NO DATA,NO DATA,NO DATA,NO DATA,NO DATA,43,45,43
,24-Aug-2019 22:30:00,B1.ASGO.PFE 1,G3,999.0,1001.0,999.0,483,485,483,997.0,1003.0,999.0,NO DATA,NO DATA,1.0,NO DATA,NO DATA,12,NO DATA,NO DATA,NO DATA,NO DATA,NO DATA,NO DATA,NO DATA,NO DATA,NO DATA
,24-Aug-2019 22:30:00,B1.ASGO.PFE 1.Converter1,G3,999.0,1000.0,999.0,270,271,270,NO DATA,NO DATA,NO DATA,NO DATA,NO DATA,NO DATA,NO DATA,NO DATA,NO DATA,NO DATA,NO DATA,NO DATA,NO DATA,NO DATA,NO DATA,26,27,26
,24-Aug-2019 22:30:00,B1.ASGO.PFE 1.Converter2,G3,999.0,1001.0,1000.0,265,267,266,NO DATA,NO DATA,NO DATA,NO DATA,NO DATA,NO DATA,NO DATA,NO DATA,NO DATA,NO DATA,NO DATA,NO DATA,NO DATA,NO DATA,NO DATA,35,38,36
,24-Aug-2019 22:30:00,T2.NZMA.PFE 1,G4,1000.0,1001.0,1000.0,5114,5115,5114,1000.0,1001.0,1000.0,0.0,1.0,0.0,12,13,12,990.0,992.0,991.0,0.0,0.0,0.0,NO DATA,NO DATA,NO DATA
,24-Aug-2019 22:30:00,T2.NZMA.PFE 1.Converter1,G4,999.0,1000.0,999.0,1040,1044,1041,NO DATA,NO DATA,NO DATA,NO DATA,NO DATA,NO DATA,NO DATA,NO DATA,NO DATA,NO DATA,NO DATA,NO DATA,NO DATA,NO DATA,NO DATA,42,45,43
,24-Aug-2019 22:30:00,T2.NZMA.PFE 1.Converter2,G4,999.0,1000.0,999.0,1051,1053,1052,NO DATA,NO DATA,NO DATA,NO DATA,NO DATA,NO DATA,NO DATA,NO DATA,NO DATA,NO DATA,NO DATA,NO DATA,NO DATA,NO DATA,NO DATA,42,45,43
,24-Aug-2019 22:30:00,T2.NZMA.PFE 1.Converter3,G4,1000.0,1001.0,1000.0,1024,1027,1026,NO DATA,NO DATA,NO DATA,NO DATA,NO DATA,NO DATA,NO DATA,NO DATA,NO DATA,NO DATA,NO DATA,NO DATA,NO DATA,NO DATA,NO DATA,42,45,43
,24-Aug-2019 22:30:00,T2.NZMA.PFE 1.Converter4,G4,1000.0,1001.0,1000.0,999,999,999,NO DATA,NO DATA,NO DATA,NO DATA,NO DATA,NO DATA,NO DATA,NO DATA,NO DATA,NO DATA,NO DATA,NO DATA,NO DATA,NO DATA,NO DATA,42,45,43
,24-Aug-2019 22:30:00,T2.NZMA.PFE 1.Converter5,G4,999.0,1000.0,999.0,1070,1071,1070,NO DATA,NO DATA,NO DATA,NO DATA,NO DATA,NO DATA,NO DATA,NO DATA,NO DATA,NO DATA,NO DATA,NO DATA,NO DATA,NO DATA,NO DATA,42,44,43
,24-Aug-2019 22:30:00,T3.AUSY.PFE 1,G3,999.0,1001.0,1000.0,2501,2503,2502,994.0,1004.0,998.0,NO DATA,NO DATA,1.0,NO DATA,NO DATA,13,NO DATA,NO DATA,NO DATA,NO DATA,NO DATA,NO DATA,NO DATA,NO DATA,NO DATA
,24-Aug-2019 22:30:00,T3.AUSY.PFE 1.Converter1,G3,999.0,1000.0,999.0,1259,1260,1259,NO DATA,NO DATA,NO DATA,NO DATA,NO DATA,NO DATA,NO DATA,NO DATA,NO DATA,NO DATA,NO DATA,NO DATA,NO DATA,NO DATA,NO DATA,39,42,40
,24-Aug-2019 22:30:00,T3.AUSY.PFE 1.Converter2,G3,999.0,1000.0,999.0,1293,1294,1293,NO DATA,NO DATA,NO DATA,NO DATA,NO DATA,NO DATA,NO DATA,NO DATA,NO DATA,NO DATA,NO DATA,NO DATA,NO DATA,NO DATA,NO DATA,37,38,37
,24-Aug-2019 22:30:00,T4.USPA.PFE 1,G4,998.0,1000.0,998.0,5267,5268,5267,998.0,1000.0,998.0,1.0,2.0,1.0,74,96,85,955.0,957.0,956.0,0.0,0.0,0.0,NO DATA,NO DATA,NO DATA
,24-Aug-2019 22:30:00,T4.USPA.PFE 1.Converter1,G4,998.0,999.0,998.0,1772,1775,1773,NO DATA,NO DATA,NO DATA,NO DATA,NO DATA,NO DATA,NO DATA,NO DATA,NO DATA,NO DATA,NO DATA,NO DATA,NO DATA,NO DATA,NO DATA,42,44,43
,24-Aug-2019 22:30:00,T4.USPA.PFE 1.Converter2,G4,997.0,999.0,998.0,1740,1742,1740,NO DATA,NO DATA,NO DATA,NO DATA,NO DATA,NO DATA,NO DATA,NO DATA,NO DATA,NO DATA,NO DATA,NO DATA,NO DATA,NO DATA,NO DATA,42,44,42
,24-Aug-2019 22:30:00,T4.USPA.PFE 1.Converter3,G4,997.0,998.0,997.0,1807,1809,1808,NO DATA,NO DATA,NO DATA,NO DATA,NO DATA,NO DATA,NO DATA,NO DATA,NO DATA,NO DATA,NO DATA,NO DATA,NO DATA,NO DATA,NO DATA,42,45,43
,24-Aug-2019 22:30:00,T5.HIKA.PFE 1,G4,1000.0,1000.0,1000.0,5083,5084,5083,1000.0,1000.0,1000.0,0.0,1.0,0.0,11,13,11,992.0,993.0,992.0,0.0,0.0,0.0,NO DATA,NO DATA,NO DATA
,24-Aug-2019 22:30:00,T5.HIKA.PFE 1.Converter1,G4,1000.0,1000.0,1000.0,998,1001,1000,NO DATA,NO DATA,NO DATA,NO DATA,NO DATA,NO DATA,NO DATA,NO DATA,NO DATA,NO DATA,NO DATA,NO DATA,NO DATA,NO DATA,NO DATA,42,45,43
,24-Aug-2019 22:30:00,T5.HIKA.PFE 1.Converter2,G4,999.0,1000.0,999.0,1089,1090,1089,NO DATA,NO DATA,NO DATA,NO DATA,NO DATA,NO DATA,NO DATA,NO DATA,NO DATA,NO DATA,NO DATA,NO DATA,NO DATA,NO DATA,NO DATA,43,45,44
,24-Aug-2019 22:30:00,T5.HIKA.PFE 1.Converter3,G4,1000.0,1000.0,1000.0,1067,1068,1067,NO DATA,NO DATA,NO DATA,NO DATA,NO DATA,NO DATA,NO DATA,NO DATA,NO DATA,NO DATA,NO DATA,NO DATA,NO DATA,NO DATA,NO DATA,42,44,43
,24-Aug-2019 22:30:00,T5.HIKA.PFE 1.Converter4,G4,999.0,1000.0,999.0,1002,1005,1002,NO DATA,NO DATA,NO DATA,NO DATA,NO DATA,NO DATA,NO DATA,NO DATA,NO DATA,NO DATA,NO DATA,NO DATA,NO DATA,NO DATA,NO DATA,43,44,43
,24-Aug-2019 22:30:00,T5.HIKA.PFE 1.Converter5,G4,999.0,1000.0,999.0,1000,1002,1000,NO DATA,NO DATA,NO DATA,NO DATA,NO DATA,NO DATA,NO DATA,NO DATA,NO DATA,NO DATA,NO DATA,NO DATA,NO DATA,NO DATA,NO DATA,43,45,44
,24-Aug-2019 22:45:00,B1.ASGO.PFE 1,G3,999.0,1001.0,999.0,483,485,483,996.0,1002.0,999.0,NO DATA,NO DATA,1.0,NO DATA,NO DATA,12,NO DATA,NO DATA,NO DATA,NO DATA,NO DATA,NO DATA,NO DATA,NO DATA,NO DATA
,24-Aug-2019 22:45:00,B1.ASGO.PFE 1.Converter1,G3,999.0,1000.0,999.0,270,271,270,NO DATA,NO DATA,NO DATA,NO DATA,NO DATA,NO DATA,NO DATA,NO DATA,NO DATA,NO DATA,NO DATA,NO DATA,NO DATA,NO DATA,NO DATA,26,27,26
,24-Aug-2019 22:45:00,B1.ASGO.PFE 1.Converter2,G3,999.0,1001.0,1000.0,265,267,266,NO DATA,NO DATA,NO DATA,NO DATA,NO DATA,NO DATA,NO DATA,NO DATA,NO DATA,NO DATA,NO DATA,NO DATA,NO DATA,NO DATA,NO DATA,35,38,36
,24-Aug-2019 22:45:00,T2.NZMA.PFE 1,G4,1000.0,1001.0,1000.0,5114,5114,5114,1000.0,1001.0,1000.0,0.0,1.0,0.0,12,13,12,990.0,992.0,991.0,0.0,0.0,0.0,NO DATA,NO DATA,NO DATA
,24-Aug-2019 22:45:00,T2.NZMA.PFE 1.Converter1,G4,999.0,1000.0,999.0,1040,1042,1041,NO DATA,NO DATA,NO DATA,NO DATA,NO DATA,NO DATA,NO DATA,NO DATA,NO DATA,NO DATA,NO DATA,NO DATA,NO DATA,NO DATA,NO DATA,42,45,43
,24-Aug-2019 22:45:00,T2.NZMA.PFE 1.Converter2,G4,999.0,1000.0,999.0,1051,1053,1052,NO DATA,NO DATA,NO DATA,NO DATA,NO DATA,NO DATA,NO DATA,NO DATA,NO DATA,NO DATA,NO DATA,NO DATA,NO DATA,NO DATA,NO DATA,42,44,43
,24-Aug-2019 22:45:00,T2.NZMA.PFE 1.Converter3,G4,1000.0,1001.0,1000.0,1024,1027,1026,NO DATA,NO DATA,NO DATA,NO DATA,NO DATA,NO DATA,NO DATA,NO DATA,NO DATA,NO DATA,NO DATA,NO DATA,NO DATA,NO DATA,NO DATA,42,45,43
,24-Aug-2019 22:45:00,T2.NZMA.PFE 1.Converter4,G4,1000.0,1001.0,1000.0,998,999,998,NO DATA,NO DATA,NO DATA,NO DATA,NO DATA,NO DATA,NO DATA,NO DATA,NO DATA,NO DATA,NO DATA,NO DATA,NO DATA,NO DATA,NO DATA,42,44,43
,24-Aug-2019 22:45:00,T2.NZMA.PFE 1.Converter5,G4,1000.0,1000.0,1000.0,1070,1071,1070,NO DATA,NO DATA,NO DATA,NO DATA,NO DATA,NO DATA,NO DATA,NO DATA,NO DATA,NO DATA,NO DATA,NO DATA,NO DATA,NO DATA,NO DATA,42,45,43
,24-Aug-2019 22:45:00,T3.AUSY.PFE 1,G3,999.0,1001.0,1000.0,2501,2503,2501,994.0,1004.0,998.0,NO DATA,NO DATA,1.0,NO DATA,NO DATA,13,NO DATA,NO DATA,NO DATA,NO DATA,NO DATA,NO DATA,NO DATA,NO DATA,NO DATA
,24-Aug-2019 22:45:00,T3.AUSY.PFE 1.Converter1,G3,999.0,1000.0,999.0,1259,1260,1259,NO DATA,NO DATA,NO DATA,NO DATA,NO DATA,NO DATA,NO DATA,NO DATA,NO DATA,NO DATA,NO DATA,NO DATA,NO DATA,NO DATA,NO DATA,39,42,40
,24-Aug-2019 22:45:00,T3.AUSY.PFE 1.Converter2,G3,999.0,1000.0,999.0,1293,1294,1293,NO DATA,NO DATA,NO DATA,NO DATA,NO DATA,NO DATA,NO DATA,NO DATA,NO DATA,NO DATA,NO DATA,NO DATA,NO DATA,NO DATA,NO DATA,37,38,37
,24-Aug-2019 22:45:00,T4.USPA.PFE 1,G4,998.0,1000.0,998.0,5267,5268,5267,998.0,1000.0,998.0,1.0,2.0,1.0,73,96,84,955.0,957.0,956.0,0.0,0.0,0.0,NO DATA,NO DATA,NO DATA
,24-Aug-2019 22:45:00,T4.USPA.PFE 1.Converter1,G4,997.0,999.0,998.0,1773,1774,1773,NO DATA,NO DATA,NO DATA,NO DATA,NO DATA,NO DATA,NO DATA,NO DATA,NO DATA,NO DATA,NO DATA,NO DATA,NO DATA,NO DATA,NO DATA,42,44,43
,24-Aug-2019 22:45:00,T4.USPA.PFE 1.Converter2,G4,997.0,999.0,998.0,1740,1742,1740,NO DATA,NO DATA,NO DATA,NO DATA,NO DATA,NO DATA,NO DATA,NO DATA,NO DATA,NO DATA,NO DATA,NO DATA,NO DATA,NO DATA,NO DATA,42,43,42
,24-Aug-2019 22:45:00,T4.USPA.PFE 1.Converter3,G4,997.0,998.0,997.0,1807,1809,1807,NO DATA,NO DATA,NO DATA,NO DATA,NO DATA,NO DATA,NO DATA,NO DATA,NO DATA,NO DATA,NO DATA,NO DATA,NO DATA,NO DATA,NO DATA,42,45,43
,24-Aug-2019 22:45:00,T5.HIKA.PFE 1,G4,1000.0,1000.0,1000.0,5084,5084,5084,1000.0,1000.0,1000.0,0.0,1.0,0.0,11,13,11,992.0,993.0,992.0,0.0,0.0,0.0,NO DATA,NO DATA,NO DATA
,24-Aug-2019 22:45:00,T5.HIKA.PFE 1.Converter1,G4,1000.0,1000.0,1000.0,999,1001,1000,NO DATA,NO DATA,NO DATA,NO DATA,NO DATA,NO DATA,NO DATA,NO DATA,NO DATA,NO DATA,NO DATA,NO DATA,NO DATA,NO DATA,NO DATA,42,45,43
,24-Aug-2019 22:45:00,T5.HIKA.PFE 1.Converter2,G4,999.0,1000.0,999.0,1088,1090,1089,NO DATA,NO DATA,NO DATA,NO DATA,NO DATA,NO DATA,NO DATA,NO DATA,NO DATA,NO DATA,NO DATA,NO DATA,NO DATA,NO DATA,NO DATA,44,46,44
,24-Aug-2019 22:45:00,T5.HIKA.PFE 1.Converter3,G4,1000.0,1000.0,1000.0,1067,1068,1067,NO DATA,NO DATA,NO DATA,NO DATA,NO DATA,NO DATA,NO DATA,NO DATA,NO DATA,NO DATA,NO DATA,NO DATA,NO DATA,NO DATA,NO DATA,43,45,43
,24-Aug-2019 22:45:00,T5.HIKA.PFE 1.Converter4,G4,999.0,1000.0,999.0,1002,1004,1002,NO DATA,NO DATA,NO DATA,NO DATA,NO DATA,NO DATA,NO DATA,NO DATA,NO DATA,NO DATA,NO DATA,NO DATA,NO DATA,NO DATA,NO DATA,43,45,43
,24-Aug-2019 22:45:00,T5.HIKA.PFE 1.Converter5,G4,999.0,1000.0,999.0,1000,1002,1001,NO DATA,NO DATA,NO DATA,NO DATA,NO DATA,NO DATA,NO DATA,NO DATA,NO DATA,NO DATA,NO DATA,NO DATA,NO DATA,NO DATA,NO DATA,44,45,44
,24-Aug-2019 23:00:00,B1.ASGO.PFE 1,G3,999.0,1001.0,999.0,483,485,483,997.0,1002.0,999.0,NO DATA,NO DATA,1.0,NO DATA,NO DATA,12,NO DATA,NO DATA,NO DATA,NO DATA,NO DATA,NO DATA,NO DATA,NO DATA,NO DATA
,24-Aug-2019 23:00:00,B1.ASGO.PFE 1.Converter1,G3,999.0,1000.0,999.0,270,271,270,NO DATA,NO DATA,NO DATA,NO DATA,NO DATA,NO DATA,NO DATA,NO DATA,NO DATA,NO DATA,NO DATA,NO DATA,NO DATA,NO DATA,NO DATA,27,29,27
,24-Aug-2019 23:00:00,B1.ASGO.PFE 1.Converter2,G3,999.0,1001.0,1000.0,265,266,265,NO DATA,NO DATA,NO DATA,NO DATA,NO DATA,NO DATA,NO DATA,NO DATA,NO DATA,NO DATA,NO DATA,NO DATA,NO DATA,NO DATA,NO DATA,35,39,37
,24-Aug-2019 23:00:00,T2.NZMA.PFE 1,G4,1000.0,1001.0,1000.0,5113,5114,5113,1000.0,1001.0,1000.0,0.0,1.0,0.0,12,12,12,990.0,992.0,991.0,0.0,0.0,0.0,NO DATA,NO DATA,NO DATA
,24-Aug-2019 23:00:00,T2.NZMA.PFE 1.Converter1,G4,999.0,1000.0,999.0,1040,1043,1041,NO DATA,NO DATA,NO DATA,NO DATA,NO DATA,NO DATA,NO DATA,NO DATA,NO DATA,NO DATA,NO DATA,NO DATA,NO DATA,NO DATA,NO DATA,42,45,43
,24-Aug-2019 23:00:00,T2.NZMA.PFE 1.Converter2,G4,999.0,1000.0,999.0,1052,1053,1052,NO DATA,NO DATA,NO DATA,NO DATA,NO DATA,NO DATA,NO DATA,NO DATA,NO DATA,NO DATA,NO DATA,NO DATA,NO DATA,NO DATA,NO DATA,42,44,43
,24-Aug-2019 23:00:00,T2.NZMA.PFE 1.Converter3,G4,1000.0,1001.0,1000.0,1024,1027,1025,NO DATA,NO DATA,NO DATA,NO DATA,NO DATA,NO DATA,NO DATA,NO DATA,NO DATA,NO DATA,NO DATA,NO DATA,NO DATA,NO DATA,NO DATA,42,45,43
,24-Aug-2019 23:00:00,T2.NZMA.PFE 1.Converter4,G4,1000.0,1001.0,1000.0,998,999,998,NO DATA,NO DATA,NO DATA,NO DATA,NO DATA,NO DATA,NO DATA,NO DATA,NO DATA,NO DATA,NO DATA,NO DATA,NO DATA,NO DATA,NO DATA,42,44,43
,24-Aug-2019 23:00:00,T2.NZMA.PFE 1.Converter5,G4,999.0,1000.0,999.0,1070,1072,1070,NO DATA,NO DATA,NO DATA,NO DATA,NO DATA,NO DATA,NO DATA,NO DATA,NO DATA,NO DATA,NO DATA,NO DATA,NO DATA,NO DATA,NO DATA,42,45,43
,24-Aug-2019 23:00:00,T3.AUSY.PFE 1,G3,999.0,1001.0,1000.0,2501,2503,2501,994.0,1003.0,998.0,NO DATA,NO DATA,1.0,NO DATA,NO DATA,13,NO DATA,NO DATA,NO DATA,NO DATA,NO DATA,NO DATA,NO DATA,NO DATA,NO DATA
,24-Aug-2019 23:00:00,T3.AUSY.PFE 1.Converter1,G3,999.0,1000.0,999.0,1258,1260,1259,NO DATA,NO DATA,NO DATA,NO DATA,NO DATA,NO DATA,NO DATA,NO DATA,NO DATA,NO DATA,NO DATA,NO DATA,NO DATA,NO DATA,NO DATA,39,42,40
,24-Aug-2019 23:00:00,T3.AUSY.PFE 1.Converter2,G3,999.0,1000.0,999.0,1293,1294,1293,NO DATA,NO DATA,NO DATA,NO DATA,NO DATA,NO DATA,NO DATA,NO DATA,NO DATA,NO DATA,NO DATA,NO DATA,NO DATA,NO DATA,NO DATA,37,38,37
,24-Aug-2019 23:00:00,T4.USPA.PFE 1,G4,998.0,1000.0,998.0,5267,5268,5267,998.0,1000.0,998.0,1.0,2.0,1.0,74,96,85,955.0,957.0,956.0,0.0,0.0,0.0,NO DATA,NO DATA,NO DATA
,24-Aug-2019 23:00:00,T4.USPA.PFE 1.Converter1,G4,998.0,999.0,998.0,1772,1775,1773,NO DATA,NO DATA,NO DATA,NO DATA,NO DATA,NO DATA,NO DATA,NO DATA,NO DATA,NO DATA,NO DATA,NO DATA,NO DATA,NO DATA,NO DATA,42,44,43
,24-Aug-2019 23:00:00,T4.USPA.PFE 1.Converter2,G4,997.0,999.0,998.0,1739,1742,1740,NO DATA,NO DATA,NO DATA,NO DATA,NO DATA,NO DATA,NO DATA,NO DATA,NO DATA,NO DATA,NO DATA,NO DATA,NO DATA,NO DATA,NO DATA,42,43,42
,24-Aug-2019 23:00:00,T4.USPA.PFE 1.Converter3,G4,997.0,998.0,997.0,1807,1809,1807,NO DATA,NO DATA,NO DATA,NO DATA,NO DATA,NO DATA,NO DATA,NO DATA,NO DATA,NO DATA,NO DATA,NO DATA,NO DATA,NO DATA,NO DATA,42,45,43
,24-Aug-2019 23:00:00,T5.HIKA.PFE 1,G4,1000.0,1000.0,1000.0,5084,5085,5084,1000.0,1000.0,1000.0,0.0,1.0,0.0,11,13,11,992.0,993.0,992.0,0.0,0.0,0.0,NO DATA,NO DATA,NO DATA
,24-Aug-2019 23:00:00,T5.HIKA.PFE 1.Converter1,G4,1000.0,1000.0,1000.0,999,1001,1000,NO DATA,NO DATA,NO DATA,NO DATA,NO DATA,NO DATA,NO DATA,NO DATA,NO DATA,NO DATA,NO DATA,NO DATA,NO DATA,NO DATA,NO DATA,42,45,43
,24-Aug-2019 23:00:00,T5.HIKA.PFE 1.Converter2,G4,999.0,1000.0,999.0,1088,1090,1089,NO DATA,NO DATA,NO DATA,NO DATA,NO DATA,NO DATA,NO DATA,NO DATA,NO DATA,NO DATA,NO DATA,NO DATA,NO DATA,NO DATA,NO DATA,44,46,44
,24-Aug-2019 23:00:00,T5.HIKA.PFE 1.Converter3,G4,1000.0,1000.0,1000.0,1067,1068,1067,NO DATA,NO DATA,NO DATA,NO DATA,NO DATA,NO DATA,NO DATA,NO DATA,NO DATA,NO DATA,NO DATA,NO DATA,NO DATA,NO DATA,NO DATA,43,45,44
,24-Aug-2019 23:00:00,T5.HIKA.PFE 1.Converter4,G4,999.0,1000.0,999.0,1002,1005,1002,NO DATA,NO DATA,NO DATA,NO DATA,NO DATA,NO DATA,NO DATA,NO DATA,NO DATA,NO DATA,NO DATA,NO DATA,NO DATA,NO DATA,NO DATA,43,45,44
,24-Aug-2019 23:00:00,T5.HIKA.PFE 1.Converter5,G4,999.0,1000.0,999.0,1000,1002,1001,NO DATA,NO DATA,NO DATA,NO DATA,NO DATA,NO DATA,NO DATA,NO DATA,NO DATA,NO DATA,NO DATA,NO DATA,NO DATA,NO DATA,NO DATA,44,46,44
,24-Aug-2019 23:15:00,B1.ASGO.PFE 1,G3,999.0,1001.0,999.0,483,485,483,996.0,1002.0,999.0,NO DATA,NO DATA,1.0,NO DATA,NO DATA,12,NO DATA,NO DATA,NO DATA,NO DATA,NO DATA,NO DATA,NO DATA,NO DATA,NO DATA
,24-Aug-2019 23:15:00,B1.ASGO.PFE 1.Converter1,G3,999.0,1000.0,999.0,270,271,270,NO DATA,NO DATA,NO DATA,NO DATA,NO DATA,NO DATA,NO DATA,NO DATA,NO DATA,NO DATA,NO DATA,NO DATA,NO DATA,NO DATA,NO DATA,28,30,29
,24-Aug-2019 23:15:00,B1.ASGO.PFE 1.Converter2,G3,999.0,1001.0,1000.0,265,267,265,NO DATA,NO DATA,NO DATA,NO DATA,NO DATA,NO DATA,NO DATA,NO DATA,NO DATA,NO DATA,NO DATA,NO DATA,NO DATA,NO DATA,NO DATA,36,39,37
,24-Aug-2019 23:15:00,T2.NZMA.PFE 1,G4,1000.0,1001.0,1000.0,5113,5114,5113,1000.0,1001.0,1000.0,0.0,1.0,0.0,12,13,12,990.0,992.0,991.0,0.0,0.0,0.0,NO DATA,NO DATA,NO DATA
,24-Aug-2019 23:15:00,T2.NZMA.PFE 1.Converter1,G4,999.0,1000.0,999.0,1040,1044,1041,NO DATA,NO DATA,NO DATA,NO DATA,NO DATA,NO DATA,NO DATA,NO DATA,NO DATA,NO DATA,NO DATA,NO DATA,NO DATA,NO DATA,NO DATA,42,45,43
,24-Aug-2019 23:15:00,T2.NZMA.PFE 1.Converter2,G4,999.0,1000.0,999.0,1052,1053,1052,NO DATA,NO DATA,NO DATA,NO DATA,NO DATA,NO DATA,NO DATA,NO DATA,NO DATA,NO DATA,NO DATA,NO DATA,NO DATA,NO DATA,NO DATA,42,43,42
,24-Aug-2019 23:15:00,T2.NZMA.PFE 1.Converter3,G4,1000.0,1001.0,1000.0,1023,1027,1025,NO DATA,NO DATA,NO DATA,NO DATA,NO DATA,NO DATA,NO DATA,NO DATA,NO DATA,NO DATA,NO DATA,NO DATA,NO DATA,NO DATA,NO DATA,43,44,43
,24-Aug-2019 23:15:00,T2.NZMA.PFE 1.Converter4,G4,1000.0,1001.0,1000.0,998,999,998,NO DATA,NO DATA,NO DATA,NO DATA,NO DATA,NO DATA,NO DATA,NO DATA,NO DATA,NO DATA,NO DATA,NO DATA,NO DATA,NO DATA,NO DATA,42,44,43
,24-Aug-2019 23:15:00,T2.NZMA.PFE 1.Converter5,G4,999.0,1000.0,999.0,1070,1071,1070,NO DATA,NO DATA,NO DATA,NO DATA,NO DATA,NO DATA,NO DATA,NO DATA,NO DATA,NO DATA,NO DATA,NO DATA,NO DATA,NO DATA,NO DATA,42,44,43
,24-Aug-2019 23:15:00,T3.AUSY.PFE 1,G3,999.0,1001.0,1000.0,2501,2502,2501,994.0,1004.0,998.0,NO DATA,NO DATA,1.0,NO DATA,NO DATA,13,NO DATA,NO DATA,NO DATA,NO DATA,NO DATA,NO DATA,NO DATA,NO DATA,NO DATA
,24-Aug-2019 23:15:00,T3.AUSY.PFE 1.Converter1,G3,999.0,1000.0,999.0,1259,1260,1259,NO DATA,NO DATA,NO DATA,NO DATA,NO DATA,NO DATA,NO DATA,NO DATA,NO DATA,NO DATA,NO DATA,NO DATA,NO DATA,NO DATA,NO DATA,39,42,40
,24-Aug-2019 23:15:00,T3.AUSY.PFE 1.Converter2,G3,999.0,1000.0,999.0,1293,1294,1293,NO DATA,NO DATA,NO DATA,NO DATA,NO DATA,NO DATA,NO DATA,NO DATA,NO DATA,NO DATA,NO DATA,NO DATA,NO DATA,NO DATA,NO DATA,37,38,37
,24-Aug-2019 23:15:00,T4.USPA.PFE 1,G4,998.0,1000.0,998.0,5266,5267,5266,998.0,1000.0,998.0,1.0,2.0,1.0,73,96,84,955.0,957.0,956.0,0.0,0.0,0.0,NO DATA,NO DATA,NO DATA
,24-Aug-2019 23:15:00,T4.USPA.PFE 1.Converter1,G4,998.0,999.0,998.0,1773,1775,1773,NO DATA,NO DATA,NO DATA,NO DATA,NO DATA,NO DATA,NO DATA,NO DATA,NO DATA,NO DATA,NO DATA,NO DATA,NO DATA,NO DATA,NO DATA,42,44,43
,24-Aug-2019 23:15:00,T4.USPA.PFE 1.Converter2,G4,997.0,999.0,998.0,1739,1742,1740,NO DATA,NO DATA,NO DATA,NO DATA,NO DATA,NO DATA,NO DATA,NO DATA,NO DATA,NO DATA,NO DATA,NO DATA,NO DATA,NO DATA,NO DATA,42,43,42
,24-Aug-2019 23:15:00,T4.USPA.PFE 1.Converter3,G4,997.0,998.0,997.0,1807,1809,1808,NO DATA,NO DATA,NO DATA,NO DATA,NO DATA,NO DATA,NO DATA,NO DATA,NO DATA,NO DATA,NO DATA,NO DATA,NO DATA,NO DATA,NO DATA,42,45,43
,24-Aug-2019 23:15:00,T5.HIKA.PFE 1,G4,1000.0,1000.0,1000.0,5084,5085,5084,1000.0,1000.0,1000.0,0.0,1.0,0.0,11,13,11,992.0,993.0,992.0,0.0,0.0,0.0,NO DATA,NO DATA,NO DATA
,24-Aug-2019 23:15:00,T5.HIKA.PFE 1.Converter1,G4,1000.0,1000.0,1000.0,1000,1001,1000,NO DATA,NO DATA,NO DATA,NO DATA,NO DATA,NO DATA,NO DATA,NO DATA,NO DATA,NO DATA,NO DATA,NO DATA,NO DATA,NO DATA,NO DATA,42,45,43
,24-Aug-2019 23:15:00,T5.HIKA.PFE 1.Converter2,G4,999.0,1000.0,999.0,1088,1090,1089,NO DATA,NO DATA,NO DATA,NO DATA,NO DATA,NO DATA,NO DATA,NO DATA,NO DATA,NO DATA,NO DATA,NO DATA,NO DATA,NO DATA,NO DATA,42,44,43
,24-Aug-2019 23:15:00,T5.HIKA.PFE 1.Converter3,G4,1000.0,1000.0,1000.0,1067,1068,1067,NO DATA,NO DATA,NO DATA,NO DATA,NO DATA,NO DATA,NO DATA,NO DATA,NO DATA,NO DATA,NO DATA,NO DATA,NO DATA,NO DATA,NO DATA,42,45,43
,24-Aug-2019 23:15:00,T5.HIKA.PFE 1.Converter4,G4,999.0,1000.0,999.0,1002,1004,1002,NO DATA,NO DATA,NO DATA,NO DATA,NO DATA,NO DATA,NO DATA,NO DATA,NO DATA,NO DATA,NO DATA,NO DATA,NO DATA,NO DATA,NO DATA,42,45,43
,24-Aug-2019 23:15:00,T5.HIKA.PFE 1.Converter5,G4,999.0,1000.0,999.0,1000,1002,1001,NO DATA,NO DATA,NO DATA,NO DATA,NO DATA,NO DATA,NO DATA,NO DATA,NO DATA,NO DATA,NO DATA,NO DATA,NO DATA,NO DATA,NO DATA,42,45,43
,24-Aug-2019 23:30:00,B1.ASGO.PFE 1,G3,999.0,1001.0,999.0,483,485,483,996.0,1003.0,999.0,NO DATA,NO DATA,1.0,NO DATA,NO DATA,12,NO DATA,NO DATA,NO DATA,NO DATA,NO DATA,NO DATA,NO DATA,NO DATA,NO DATA
,24-Aug-2019 23:30:00,B1.ASGO.PFE 1.Converter1,G3,999.0,1000.0,999.0,270,271,270,NO DATA,NO DATA,NO DATA,NO DATA,NO DATA,NO DATA,NO DATA,NO DATA,NO DATA,NO DATA,NO DATA,NO DATA,NO DATA,NO DATA,NO DATA,29,30,29
,24-Aug-2019 23:30:00,B1.ASGO.PFE 1.Converter2,G3,999.0,1001.0,1000.0,265,267,265,NO DATA,NO DATA,NO DATA,NO DATA,NO DATA,NO DATA,NO DATA,NO DATA,NO DATA,NO DATA,NO DATA,NO DATA,NO DATA,NO DATA,NO DATA,37,39,38
,24-Aug-2019 23:30:00,T2.NZMA.PFE 1,G4,1000.0,1001.0,1000.0,5113,5115,5114,1000.0,1001.0,1000.0,0.0,1.0,0.0,12,12,12,990.0,992.0,991.0,0.0,0.0,0.0,NO DATA,NO DATA,NO DATA
,24-Aug-2019 23:30:00,T2.NZMA.PFE 1.Converter1,G4,999.0,1000.0,999.0,1041,1044,1041,NO DATA,NO DATA,NO DATA,NO DATA,NO DATA,NO DATA,NO DATA,NO DATA,NO DATA,NO DATA,NO DATA,NO DATA,NO DATA,NO DATA,NO DATA,42,44,43
,24-Aug-2019 23:30:00,T2.NZMA.PFE 1.Converter2,G4,999.0,1000.0,999.0,1052,1053,1052,NO DATA,NO DATA,NO DATA,NO DATA,NO DATA,NO DATA,NO DATA,NO DATA,NO DATA,NO DATA,NO DATA,NO DATA,NO DATA,NO DATA,NO DATA,42,44,42
,24-Aug-2019 23:30:00,T2.NZMA.PFE 1.Converter3,G4,1000.0,1001.0,1000.0,1023,1027,1025,NO DATA,NO DATA,NO DATA,NO DATA,NO DATA,NO DATA,NO DATA,NO DATA,NO DATA,NO DATA,NO DATA,NO DATA,NO DATA,NO DATA,NO DATA,42,44,43
,24-Aug-2019 23:30:00,T2.NZMA.PFE 1.Converter4,G4,1000.0,1001.0,1000.0,999,1000,999,NO DATA,NO DATA,NO DATA,NO DATA,NO DATA,NO DATA,NO DATA,NO DATA,NO DATA,NO DATA,NO DATA,NO DATA,NO DATA,NO DATA,NO DATA,42,44,43
,24-Aug-2019 23:30:00,T2.NZMA.PFE 1.Converter5,G4,999.0,1000.0,999.0,1070,1072,1070,NO DATA,NO DATA,NO DATA,NO DATA,NO DATA,NO DATA,NO DATA,NO DATA,NO DATA,NO DATA,NO DATA,NO DATA,NO DATA,NO DATA,NO DATA,43,44,43
,24-Aug-2019 23:30:00,T3.AUSY.PFE 1,G3,999.0,1001.0,1000.0,2501,2502,2501,994.0,1003.0,998.0,NO DATA,NO DATA,1.0,NO DATA,NO DATA,13,NO DATA,NO DATA,NO DATA,NO DATA,NO DATA,NO DATA,NO DATA,NO DATA,NO DATA
,24-Aug-2019 23:30:00,T3.AUSY.PFE 1.Converter1,G3,999.0,1000.0,999.0,1259,1260,1259,NO DATA,NO DATA,NO DATA,NO DATA,NO DATA,NO DATA,NO DATA,NO DATA,NO DATA,NO DATA,NO DATA,NO DATA,NO DATA,NO DATA,NO DATA,39,42,40
,24-Aug-2019 23:30:00,T3.AUSY.PFE 1.Converter2,G3,999.0,1000.0,999.0,1293,1294,1293,NO DATA,NO DATA,NO DATA,NO DATA,NO DATA,NO DATA,NO DATA,NO DATA,NO DATA,NO DATA,NO DATA,NO DATA,NO DATA,NO DATA,NO DATA,37,38,37
,24-Aug-2019 23:30:00,T4.USPA.PFE 1,G4,998.0,1000.0,998.0,5266,5267,5266,998.0,1000.0,998.0,1.0,2.0,1.0,73,97,85,955.0,957.0,956.0,0.0,0.0,0.0,NO DATA,NO DATA,NO DATA
,24-Aug-2019 23:30:00,T4.USPA.PFE 1.Converter1,G4,998.0,999.0,998.0,1772,1775,1773,NO DATA,NO DATA,NO DATA,NO DATA,NO DATA,NO DATA,NO DATA,NO DATA,NO DATA,NO DATA,NO DATA,NO DATA,NO DATA,NO DATA,NO DATA,42,44,43
,24-Aug-2019 23:30:00,T4.USPA.PFE 1.Converter2,G4,997.0,999.0,998.0,1738,1741,1740,NO DATA,NO DATA,NO DATA,NO DATA,NO DATA,NO DATA,NO DATA,NO DATA,NO DATA,NO DATA,NO DATA,NO DATA,NO DATA,NO DATA,NO DATA,42,43,42
,24-Aug-2019 23:30:00,T4.USPA.PFE 1.Converter3,G4,997.0,999.0,997.0,1807,1809,1807,NO DATA,NO DATA,NO DATA,NO DATA,NO DATA,NO DATA,NO DATA,NO DATA,NO DATA,NO DATA,NO DATA,NO DATA,NO DATA,NO DATA,NO DATA,42,45,43
,24-Aug-2019 23:30:00,T5.HIKA.PFE 1,G4,999.0,1000.0,999.0,5084,5086,5084,1000.0,1000.0,1000.0,0.0,1.0,0.0,11,13,11,992.0,993.0,992.0,0.0,0.0,0.0,NO DATA,NO DATA,NO DATA
,24-Aug-2019 23:30:00,T5.HIKA.PFE 1.Converter1,G4,1000.0,1000.0,1000.0,1000,1001,1000,NO DATA,NO DATA,NO DATA,NO DATA,NO DATA,NO DATA,NO DATA,NO DATA,NO DATA,NO DATA,NO DATA,NO DATA,NO DATA,NO DATA,NO DATA,42,44,43
,24-Aug-2019 23:30:00,T5.HIKA.PFE 1.Converter2,G4,999.0,1000.0,999.0,1088,1090,1089,NO DATA,NO DATA,NO DATA,NO DATA,NO DATA,NO DATA,NO DATA,NO DATA,NO DATA,NO DATA,NO DATA,NO DATA,NO DATA,NO DATA,NO DATA,42,45,43
,24-Aug-2019 23:30:00,T5.HIKA.PFE 1.Converter3,G4,999.0,1000.0,999.0,1067,1068,1067,NO DATA,NO DATA,NO DATA,NO DATA,NO DATA,NO DATA,NO DATA,NO DATA,NO DATA,NO DATA,NO DATA,NO DATA,NO DATA,NO DATA,NO DATA,42,44,43
,24-Aug-2019 23:30:00,T5.HIKA.PFE 1.Converter4,G4,999.0,1000.0,999.0,1002,1005,1002,NO DATA,NO DATA,NO DATA,NO DATA,NO DATA,NO DATA,NO DATA,NO DATA,NO DATA,NO DATA,NO DATA,NO DATA,NO DATA,NO DATA,NO DATA,42,45,43
,24-Aug-2019 23:30:00,T5.HIKA.PFE 1.Converter5,G4,999.0,1000.0,999.0,1000,1002,1001,NO DATA,NO DATA,NO DATA,NO DATA,NO DATA,NO DATA,NO DATA,NO DATA,NO DATA,NO DATA,NO DATA,NO DATA,NO DATA,NO DATA,NO DATA,42,45,43
,24-Aug-2019 23:45:00,B1.ASGO.PFE 1,G3,999.0,1001.0,999.0,483,485,484,996.0,1002.0,999.0,NO DATA,NO DATA,1.0,NO DATA,NO DATA,12,NO DATA,NO DATA,NO DATA,NO DATA,NO DATA,NO DATA,NO DATA,NO DATA,NO DATA
,24-Aug-2019 23:45:00,B1.ASGO.PFE 1.Converter1,G3,999.0,1000.0,999.0,270,271,270,NO DATA,NO DATA,NO DATA,NO DATA,NO DATA,NO DATA,NO DATA,NO DATA,NO DATA,NO DATA,NO DATA,NO DATA,NO DATA,NO DATA,NO DATA,29,30,29
,24-Aug-2019 23:45:00,B1.ASGO.PFE 1.Converter2,G3,999.0,1001.0,1000.0,265,267,265,NO DATA,NO DATA,NO DATA,NO DATA,NO DATA,NO DATA,NO DATA,NO DATA,NO DATA,NO DATA,NO DATA,NO DATA,NO DATA,NO DATA,NO DATA,37,39,38
,24-Aug-2019 23:45:00,T2.NZMA.PFE 1,G4,1000.0,1001.0,1000.0,5113,5114,5113,1000.0,1001.0,1000.0,0.0,1.0,0.0,12,13,12,990.0,992.0,991.0,0.0,0.0,0.0,NO DATA,NO DATA,NO DATA
,24-Aug-2019 23:45:00,T2.NZMA.PFE 1.Converter1,G4,999.0,1000.0,999.0,1040,1044,1041,NO DATA,NO DATA,NO DATA,NO DATA,NO DATA,NO DATA,NO DATA,NO DATA,NO DATA,NO DATA,NO DATA,NO DATA,NO DATA,NO DATA,NO DATA,42,45,43
,24-Aug-2019 23:45:00,T2.NZMA.PFE 1.Converter2,G4,999.0,1000.0,999.0,1052,1053,1052,NO DATA,NO DATA,NO DATA,NO DATA,NO DATA,NO DATA,NO DATA,NO DATA,NO DATA,NO DATA,NO DATA,NO DATA,NO DATA,NO DATA,NO DATA,42,44,43
,24-Aug-2019 23:45:00,T2.NZMA.PFE 1.Converter3,G4,1000.0,1001.0,1000.0,1023,1027,1025,NO DATA,NO DATA,NO DATA,NO DATA,NO DATA,NO DATA,NO DATA,NO DATA,NO DATA,NO DATA,NO DATA,NO DATA,NO DATA,NO DATA,NO DATA,42,44,43
,24-Aug-2019 23:45:00,T2.NZMA.PFE 1.Converter4,G4,1000.0,1001.0,1000.0,999,1000,999,NO DATA,NO DATA,NO DATA,NO DATA,NO DATA,NO DATA,NO DATA,NO DATA,NO DATA,NO DATA,NO DATA,NO DATA,NO DATA,NO DATA,NO DATA,42,44,43
,24-Aug-2019 23:45:00,T2.NZMA.PFE 1.Converter5,G4,999.0,1000.0,999.0,1070,1072,1070,NO DATA,NO DATA,NO DATA,NO DATA,NO DATA,NO DATA,NO DATA,NO DATA,NO DATA,NO DATA,NO DATA,NO DATA,NO DATA,NO DATA,NO DATA,42,44,43
,24-Aug-2019 23:45:00,T3.AUSY.PFE 1,G3,999.0,1001.0,1000.0,2501,2502,2501,995.0,1003.0,998.0,NO DATA,NO DATA,1.0,NO DATA,NO DATA,13,NO DATA,NO DATA,NO DATA,NO DATA,NO DATA,NO DATA,NO DATA,NO DATA,NO DATA
,24-Aug-2019 23:45:00,T3.AUSY.PFE 1.Converter1,G3,999.0,1000.0,999.0,1259,1260,1259,NO DATA,NO DATA,NO DATA,NO DATA,NO DATA,NO DATA,NO DATA,NO DATA,NO DATA,NO DATA,NO DATA,NO DATA,NO DATA,NO DATA,NO DATA,39,42,40
,24-Aug-2019 23:45:00,T3.AUSY.PFE 1.Converter2,G3,999.0,1000.0,999.0,1292,1294,1293,NO DATA,NO DATA,NO DATA,NO DATA,NO DATA,NO DATA,NO DATA,NO DATA,NO DATA,NO DATA,NO DATA,NO DATA,NO DATA,NO DATA,NO DATA,37,38,37
,24-Aug-2019 23:45:00,T4.USPA.PFE 1,G4,998.0,1000.0,998.0,5265,5267,5266,998.0,1000.0,998.0,1.0,2.0,1.0,73,97,85,955.0,957.0,956.0,0.0,0.0,0.0,NO DATA,NO DATA,NO DATA
,24-Aug-2019 23:45:00,T4.USPA.PFE 1.Converter1,G4,997.0,999.0,998.0,1772,1774,1773,NO DATA,NO DATA,NO DATA,NO DATA,NO DATA,NO DATA,NO DATA,NO DATA,NO DATA,NO DATA,NO DATA,NO DATA,NO DATA,NO DATA,NO DATA,42,44,43
,24-Aug-2019 23:45:00,T4.USPA.PFE 1.Converter2,G4,997.0,999.0,998.0,1739,1742,1740,NO DATA,NO DATA,NO DATA,NO DATA,NO DATA,NO DATA,NO DATA,NO DATA,NO DATA,NO DATA,NO DATA,NO DATA,NO DATA,NO DATA,NO DATA,42,44,42
,24-Aug-2019 23:45:00,T4.USPA.PFE 1.Converter3,G4,997.0,998.0,997.0,1807,1808,1807,NO DATA,NO DATA,NO DATA,NO DATA,NO DATA,NO DATA,NO DATA,NO DATA,NO DATA,NO DATA,NO DATA,NO DATA,NO DATA,NO DATA,NO DATA,42,45,43
,24-Aug-2019 23:45:00,T5.HIKA.PFE 1,G4,1000.0,1000.0,1000.0,5085,5086,5085,1000.0,1000.0,1000.0,0.0,1.0,0.0,11,13,11,992.0,993.0,992.0,0.0,0.0,0.0,NO DATA,NO DATA,NO DATA
,24-Aug-2019 23:45:00,T5.HIKA.PFE 1.Converter1,G4,1000.0,1000.0,1000.0,1000,1002,1000,NO DATA,NO DATA,NO DATA,NO DATA,NO DATA,NO DATA,NO DATA,NO DATA,NO DATA,NO DATA,NO DATA,NO DATA,NO DATA,NO DATA,NO DATA,42,44,43
,24-Aug-2019 23:45:00,T5.HIKA.PFE 1.Converter2,G4,999.0,1000.0,999.0,1087,1090,1089,NO DATA,NO DATA,NO DATA,NO DATA,NO DATA,NO DATA,NO DATA,NO DATA,NO DATA,NO DATA,NO DATA,NO DATA,NO DATA,NO DATA,NO DATA,42,45,43
,24-Aug-2019 23:45:00,T5.HIKA.PFE 1.Converter3,G4,999.0,1000.0,999.0,1067,1069,1067,NO DATA,NO DATA,NO DATA,NO DATA,NO DATA,NO DATA,NO DATA,NO DATA,NO DATA,NO DATA,NO DATA,NO DATA,NO DATA,NO DATA,NO DATA,42,45,43
,24-Aug-2019 23:45:00,T5.HIKA.PFE 1.Converter4,G4,999.0,1000.0,999.0,1002,1004,1002,NO DATA,NO DATA,NO DATA,NO DATA,NO DATA,NO DATA,NO DATA,NO DATA,NO DATA,NO DATA,NO DATA,NO DATA,NO DATA,NO DATA,NO DATA,42,44,43
,24-Aug-2019 23:45:00,T5.HIKA.PFE 1.Converter5,G4,999.0,1000.0,999.0,1000,1002,1001,NO DATA,NO DATA,NO DATA,NO DATA,NO DATA,NO DATA,NO DATA,NO DATA,NO DATA,NO DATA,NO DATA,NO DATA,NO DATA,NO DATA,NO DATA,42,45,43
,25-Aug-2019 00:00:00,B1.ASGO.PFE 1,G3,999.0,1001.0,999.0,483,485,484,996.0,1002.0,999.0,NO DATA,NO DATA,1.0,NO DATA,NO DATA,12,NO DATA,NO DATA,NO DATA,NO DATA,NO DATA,NO DATA,NO DATA,NO DATA,NO DATA
,25-Aug-2019 00:00:00,B1.ASGO.PFE 1.Converter1,G3,999.0,1001.0,999.0,270,271,270,NO DATA,NO DATA,NO DATA,NO DATA,NO DATA,NO DATA,NO DATA,NO DATA,NO DATA,NO DATA,NO DATA,NO DATA,NO DATA,NO DATA,NO DATA,29,30,29
,25-Aug-2019 00:00:00,B1.ASGO.PFE 1.Converter2,G3,999.0,1001.0,1000.0,265,267,266,NO DATA,NO DATA,NO DATA,NO DATA,NO DATA,NO DATA,NO DATA,NO DATA,NO DATA,NO DATA,NO DATA,NO DATA,NO DATA,NO DATA,NO DATA,37,40,38
,25-Aug-2019 00:00:00,T2.NZMA.PFE 1,G4,1000.0,1001.0,1000.0,5114,5115,5114,1000.0,1001.0,1000.0,0.0,1.0,0.0,12,12,12,990.0,992.0,991.0,0.0,0.0,0.0,NO DATA,NO DATA,NO DATA
,25-Aug-2019 00:00:00,T2.NZMA.PFE 1.Converter1,G4,999.0,1000.0,999.0,1041,1044,1041,NO DATA,NO DATA,NO DATA,NO DATA,NO DATA,NO DATA,NO DATA,NO DATA,NO DATA,NO DATA,NO DATA,NO DATA,NO DATA,NO DATA,NO DATA,42,44,43
,25-Aug-2019 00:00:00,T2.NZMA.PFE 1.Converter2,G4,999.0,1000.0,999.0,1052,1053,1052,NO DATA,NO DATA,NO DATA,NO DATA,NO DATA,NO DATA,NO DATA,NO DATA,NO DATA,NO DATA,NO DATA,NO DATA,NO DATA,NO DATA,NO DATA,42,43,42
,25-Aug-2019 00:00:00,T2.NZMA.PFE 1.Converter3,G4,1000.0,1001.0,1000.0,1023,1027,1025,NO DATA,NO DATA,NO DATA,NO DATA,NO DATA,NO DATA,NO DATA,NO DATA,NO DATA,NO DATA,NO DATA,NO DATA,NO DATA,NO DATA,NO DATA,42,44,43
,25-Aug-2019 00:00:00,T2.NZMA.PFE 1.Converter4,G4,1000.0,1001.0,1000.0,999,1000,999,NO DATA,NO DATA,NO DATA,NO DATA,NO DATA,NO DATA,NO DATA,NO DATA,NO DATA,NO DATA,NO DATA,NO DATA,NO DATA,NO DATA,NO DATA,42,45,43
,25-Aug-2019 00:00:00,T2.NZMA.PFE 1.Converter5,G4,999.0,1000.0,999.0,1070,1072,1070,NO DATA,NO DATA,NO DATA,NO DATA,NO DATA,NO DATA,NO DATA,NO DATA,NO DATA,NO DATA,NO DATA,NO DATA,NO DATA,NO DATA,NO DATA,43,45,43
,25-Aug-2019 00:00:00,T3.AUSY.PFE 1,G3,999.0,1001.0,999.0,2501,2502,2501,994.0,1003.0,998.0,NO DATA,NO DATA,1.0,NO DATA,NO DATA,13,NO DATA,NO DATA,NO DATA,NO DATA,NO DATA,NO DATA,NO DATA,NO DATA,NO DATA
,25-Aug-2019 00:00:00,T3.AUSY.PFE 1.Converter1,G3,999.0,1001.0,999.0,1259,1260,1259,NO DATA,NO DATA,NO DATA,NO DATA,NO DATA,NO DATA,NO DATA,NO DATA,NO DATA,NO DATA,NO DATA,NO DATA,NO DATA,NO DATA,NO DATA,39,42,40
,25-Aug-2019 00:00:00,T3.AUSY.PFE 1.Converter2,G3,999.0,1000.0,999.0,1293,1294,1293,NO DATA,NO DATA,NO DATA,NO DATA,NO DATA,NO DATA,NO DATA,NO DATA,NO DATA,NO DATA,NO DATA,NO DATA,NO DATA,NO DATA,NO DATA,37,38,37
,25-Aug-2019 00:00:00,T4.USPA.PFE 1,G4,998.0,1000.0,998.0,5265,5267,5265,998.0,1000.0,998.0,1.0,2.0,1.0,74,96,85,955.0,957.0,956.0,0.0,0.0,0.0,NO DATA,NO DATA,NO DATA
,25-Aug-2019 00:00:00,T4.USPA.PFE 1.Converter1,G4,997.0,999.0,998.0,1772,1774,1773,NO DATA,NO DATA,NO DATA,NO DATA,NO DATA,NO DATA,NO DATA,NO DATA,NO DATA,NO DATA,NO DATA,NO DATA,NO DATA,NO DATA,NO DATA,42,44,43
,25-Aug-2019 00:00:00,T4.USPA.PFE 1.Converter2,G4,997.0,999.0,998.0,1738,1741,1739,NO DATA,NO DATA,NO DATA,NO DATA,NO DATA,NO DATA,NO DATA,NO DATA,NO DATA,NO DATA,NO DATA,NO DATA,NO DATA,NO DATA,NO DATA,42,44,42
,25-Aug-2019 00:00:00,T4.USPA.PFE 1.Converter3,G4,997.0,998.0,997.0,1806,1809,1807,NO DATA,NO DATA,NO DATA,NO DATA,NO DATA,NO DATA,NO DATA,NO DATA,NO DATA,NO DATA,NO DATA,NO DATA,NO DATA,NO DATA,NO DATA,42,45,43
,25-Aug-2019 00:00:00,T5.HIKA.PFE 1,G4,1000.0,1000.0,1000.0,5085,5085,5085,1000.0,1000.0,1000.0,0.0,1.0,0.0,11,13,11,992.0,993.0,992.0,0.0,0.0,0.0,NO DATA,NO DATA,NO DATA
,25-Aug-2019 00:00:00,T5.HIKA.PFE 1.Converter1,G4,1000.0,1000.0,1000.0,1000,1002,1000,NO DATA,NO DATA,NO DATA,NO DATA,NO DATA,NO DATA,NO DATA,NO DATA,NO DATA,NO DATA,NO DATA,NO DATA,NO DATA,NO DATA,NO DATA,42,44,43
,25-Aug-2019 00:00:00,T5.HIKA.PFE 1.Converter2,G4,999.0,1000.0,999.0,1088,1090,1089,NO DATA,NO DATA,NO DATA,NO DATA,NO DATA,NO DATA,NO DATA,NO DATA,NO DATA,NO DATA,NO DATA,NO DATA,NO DATA,NO DATA,NO DATA,42,45,43
,25-Aug-2019 00:00:00,T5.HIKA.PFE 1.Converter3,G4,999.0,1000.0,999.0,1067,1068,1067,NO DATA,NO DATA,NO DATA,NO DATA,NO DATA,NO DATA,NO DATA,NO DATA,NO DATA,NO DATA,NO DATA,NO DATA,NO DATA,NO DATA,NO DATA,42,45,43
,25-Aug-2019 00:00:00,T5.HIKA.PFE 1.Converter4,G4,999.0,1000.0,999.0,1002,1004,1002,NO DATA,NO DATA,NO DATA,NO DATA,NO DATA,NO DATA,NO DATA,NO DATA,NO DATA,NO DATA,NO DATA,NO DATA,NO DATA,NO DATA,NO DATA,42,45,43
,25-Aug-2019 00:00:00,T5.HIKA.PFE 1.Converter5,G4,999.0,1000.0,999.0,1000,1002,1001,NO DATA,NO DATA,NO DATA,NO DATA,NO DATA,NO DATA,NO DATA,NO DATA,NO DATA,NO DATA,NO DATA,NO DATA,NO DATA,NO DATA,NO DATA,42,45,43


